-3.671000 -3.026000 -1.409000
-3.743000 -3.523000 -1.616000
-3.730000 -3.529000 -1.619000
-3.752000 -3.521000 -1.619000
-3.733000 -3.526000 -1.627000
-3.723000 -3.539000 -1.624000
-3.726000 -3.529000 -1.627000
-3.722000 -3.543000 -1.632000
-3.736000 -3.534000 -1.636000
-3.742000 -3.551000 -1.635000
-3.728000 -3.531000 -1.650000
-3.734000 -3.543000 -1.626000
-3.734000 -3.553000 -1.641000
-3.736000 -3.553000 -1.651000
-3.737000 -3.568000 -1.646000
-3.730000 -3.591000 -1.642000
-3.728000 -3.568000 -1.650000
-3.738000 -3.577000 -1.634000
-3.738000 -3.577000 -1.660000
-3.730000 -3.578000 -1.657000
-3.734000 -3.568000 -1.649000
-3.725000 -3.583000 -1.668000
-3.738000 -3.590000 -1.656000
-3.719000 -3.609000 -1.662000
-3.720000 -3.610000 -1.659000
-3.731000 -3.612000 -1.659000
-3.740000 -3.600000 -1.656000
-3.737000 -3.599000 -1.667000
-3.731000 -3.635000 -1.663000
-3.734000 -3.620000 -1.659000
-3.710000 -3.591000 -1.662000
-3.728000 -3.608000 -1.667000
-3.747000 -3.617000 -1.666000
-3.728000 -3.629000 -1.670000
-3.730000 -3.637000 -1.686000
-3.739000 -3.637000 -1.662000
-3.736000 -3.636000 -1.686000
-3.729000 -3.619000 -1.652000
-3.723000 -3.632000 -1.686000
-3.735000 -3.648000 -1.663000
-3.745000 -3.636000 -1.678000
-3.727000 -3.645000 -1.683000
-3.729000 -3.644000 -1.689000
-3.730000 -3.659000 -1.688000
-3.725000 -3.645000 -1.683000
-3.737000 -3.676000 -1.697000
-3.716000 -3.657000 -1.694000
-3.726000 -3.679000 -1.687000
-3.734000 -3.694000 -1.696000
-3.730000 -3.663000 -1.687000
-3.739000 -3.673000 -1.692000
-3.734000 -3.679000 -1.700000
-3.726000 -3.692000 -1.689000
-3.729000 -3.669000 -1.692000
-3.722000 -3.675000 -1.689000
-3.731000 -3.689000 -1.712000
-3.737000 -3.697000 -1.706000
-3.727000 -3.701000 -1.716000
-3.744000 -3.719000 -1.703000
-3.737000 -3.718000 -1.710000
-3.723000 -3.720000 -1.716000
-3.733000 -3.715000 -1.709000
-3.735000 -3.714000 -1.726000
-3.734000 -3.713000 -1.711000
-3.736000 -3.725000 -1.718000
-3.719000 -3.726000 -1.723000
-3.735000 -3.740000 -1.723000
-3.735000 -3.745000 -1.736000
-3.723000 -3.734000 -1.714000
-3.723000 -3.742000 -1.723000
-3.728000 -3.752000 -1.729000
-3.744000 -3.767000 -1.725000
-3.736000 -3.758000 -1.740000
-3.723000 -3.733000 -1.734000
-3.727000 -3.747000 -1.727000
-3.722000 -3.766000 -1.722000
-3.732000 -3.778000 -1.718000
-3.726000 -3.780000 -1.739000
-3.732000 -3.779000 -1.733000
-3.737000 -3.788000 -1.741000
-3.725000 -3.773000 -1.740000
-3.738000 -3.805000 -1.753000
-3.733000 -3.790000 -1.744000
-3.728000 -3.798000 -1.741000
-3.740000 -3.792000 -1.751000
-3.740000 -3.802000 -1.752000
-3.730000 -3.795000 -1.752000
-3.715000 -3.815000 -1.752000
-3.729000 -3.812000 -1.759000
-3.725000 -3.800000 -1.755000
-3.732000 -3.792000 -1.755000
-3.722000 -3.809000 -1.750000
-3.737000 -3.819000 -1.762000
-3.729000 -3.824000 -1.766000
-3.732000 -3.810000 -1.759000
-3.728000 -3.838000 -1.773000
-3.727000 -3.832000 -1.775000
-3.729000 -3.824000 -1.767000
-3.729000 -3.845000 -1.774000
-3.733000 -3.839000 -1.770000
-3.727000 -3.848000 -1.777000
-3.726000 -3.859000 -1.781000
-3.727000 -3.870000 -1.781000
-3.727000 -3.864000 -1.782000
-3.739000 -3.866000 -1.797000
-3.724000 -3.871000 -1.773000
-3.719000 -3.880000 -1.780000
-3.722000 -3.872000 -1.784000
-3.719000 -3.863000 -1.789000
-3.729000 -3.886000 -1.789000
-3.735000 -3.874000 -1.790000
-3.733000 -3.886000 -1.804000
-3.713000 -3.871000 -1.800000
-3.729000 -3.909000 -1.793000
-3.720000 -3.892000 -1.806000
-3.720000 -3.914000 -1.803000
-3.725000 -3.903000 -1.802000
-3.735000 -3.897000 -1.816000
-3.724000 -3.916000 -1.796000
-3.722000 -3.913000 -1.815000
-3.724000 -3.908000 -1.800000
-3.728000 -3.923000 -1.801000
-3.710000 -3.929000 -1.816000
-3.722000 -3.929000 -1.812000
-3.716000 -3.935000 -1.816000
-3.714000 -3.957000 -1.821000
-3.726000 -3.936000 -1.835000
-3.730000 -3.947000 -1.820000
-3.712000 -3.947000 -1.820000
-3.715000 -3.951000 -1.817000
-3.708000 -3.941000 -1.822000
-3.735000 -3.954000 -1.832000
-3.730000 -3.965000 -1.833000
-3.705000 -3.954000 -1.830000
-3.729000 -3.968000 -1.830000
-3.719000 -3.945000 -1.832000
-3.726000 -3.988000 -1.837000
-3.728000 -3.975000 -1.846000
-3.724000 -3.995000 -1.832000
-3.731000 -4.004000 -1.845000
-3.741000 -3.995000 -1.849000
-3.707000 -3.988000 -1.846000
-3.723000 -3.998000 -1.853000
-3.713000 -3.996000 -1.858000
-3.727000 -4.018000 -1.846000
-3.721000 -3.998000 -1.855000
-3.741000 -4.013000 -1.850000
-3.725000 -4.012000 -1.878000
-3.714000 -4.014000 -1.857000
-3.723000 -4.022000 -1.868000
-3.721000 -4.005000 -1.870000
-3.724000 -4.013000 -1.855000
-3.722000 -4.030000 -1.865000
-3.734000 -4.025000 -1.876000
-3.717000 -4.037000 -1.875000
-3.718000 -4.016000 -1.877000
-3.737000 -4.049000 -1.874000
-3.724000 -4.057000 -1.873000
-3.724000 -4.054000 -1.860000
-3.724000 -4.042000 -1.888000
-3.717000 -4.048000 -1.880000
-3.710000 -4.055000 -1.879000
-3.724000 -4.058000 -1.889000
-3.710000 -4.055000 -1.884000
-3.711000 -4.061000 -1.894000
-3.718000 -4.076000 -1.889000
-3.708000 -4.081000 -1.880000
-3.719000 -4.079000 -1.905000
-3.705000 -4.090000 -1.896000
-3.706000 -4.084000 -1.894000
-3.716000 -4.077000 -1.899000
-3.723000 -4.094000 -1.912000
-3.720000 -4.084000 -1.898000
-3.727000 -4.094000 -1.899000
-3.713000 -4.105000 -1.914000
-3.715000 -4.110000 -1.905000
-3.720000 -4.119000 -1.915000
-3.720000 -4.118000 -1.923000
-3.713000 -4.117000 -1.922000
-3.716000 -4.125000 -1.929000
-3.717000 -4.124000 -1.917000
-3.723000 -4.116000 -1.927000
-3.712000 -4.122000 -1.922000
-3.726000 -4.150000 -1.933000
-3.714000 -4.151000 -1.924000
-3.715000 -4.120000 -1.933000
-3.708000 -4.134000 -1.929000
-3.711000 -4.146000 -1.936000
-3.729000 -4.149000 -1.925000
-3.722000 -4.149000 -1.932000
-3.717000 -4.159000 -1.932000
-3.728000 -4.156000 -1.930000
-3.717000 -4.164000 -1.942000
-3.715000 -4.167000 -1.953000
-3.718000 -4.178000 -1.950000
-3.702000 -4.191000 -1.945000
-3.730000 -4.183000 -1.953000
-3.729000 -4.204000 -1.945000
-3.711000 -4.193000 -1.966000
-3.723000 -4.185000 -1.957000
-3.729000 -4.200000 -1.963000
-3.712000 -4.214000 -1.957000
-3.724000 -4.209000 -1.967000
-3.742000 -4.199000 -1.959000
-3.725000 -4.231000 -1.974000
-3.726000 -4.194000 -1.984000
-3.725000 -4.257000 -1.965000
-3.727000 -4.231000 -1.963000
-3.732000 -4.229000 -1.986000
-3.727000 -4.218000 -1.973000
-3.733000 -4.235000 -1.968000
-3.730000 -4.235000 -1.981000
-3.726000 -4.225000 -1.990000
-3.735000 -4.248000 -1.993000
-3.731000 -4.240000 -1.987000
-3.727000 -4.249000 -1.990000
-3.726000 -4.262000 -1.994000
-3.735000 -4.272000 -2.002000
-3.728000 -4.262000 -1.997000
-3.723000 -4.283000 -1.961000
-3.737000 -4.284000 -2.000000
-3.728000 -4.275000 -2.004000
-3.727000 -4.297000 -1.995000
-3.728000 -4.278000 -2.000000
-3.745000 -4.292000 -2.001000
-3.716000 -4.276000 -2.014000
-3.731000 -4.275000 -2.011000
-3.729000 -4.295000 -2.003000
-3.725000 -4.283000 -2.009000
-3.725000 -4.294000 -2.010000
-3.732000 -4.307000 -2.009000
-3.731000 -4.323000 -2.026000
-3.723000 -4.316000 -2.021000
-3.744000 -4.324000 -2.021000
-3.719000 -4.317000 -2.017000
-3.733000 -4.323000 -2.036000
-3.712000 -4.319000 -2.022000
-3.779000 -4.303000 -2.039000
-3.802000 -4.277000 -2.058000
-3.757000 -4.296000 -2.137000
-3.777000 -4.279000 -2.046000
-3.771000 -4.299000 -2.049000
-3.798000 -4.322000 -2.060000
-3.794000 -4.290000 -2.065000
-3.768000 -4.299000 -2.064000
-3.788000 -4.328000 -2.063000
-3.789000 -4.316000 -2.062000
-3.790000 -4.311000 -2.071000
-3.790000 -4.317000 -2.055000
-3.787000 -4.356000 -2.068000
-3.797000 -4.356000 -2.072000
-3.780000 -4.326000 -2.086000
-3.785000 -4.335000 -2.089000
-3.784000 -4.358000 -2.087000
-3.789000 -4.344000 -2.077000
-3.786000 -4.383000 -2.088000
-3.794000 -4.348000 -2.081000
-3.769000 -4.357000 -2.081000
-3.763000 -4.364000 -2.105000
-3.773000 -4.369000 -2.092000
-3.781000 -4.368000 -2.101000
-3.778000 -4.390000 -2.091000
-3.778000 -4.357000 -2.083000
-3.784000 -4.367000 -2.128000
-3.793000 -4.403000 -2.113000
-3.794000 -4.398000 -2.123000
-3.829000 -4.409000 -2.122000
-3.754000 -4.430000 -2.102000
-3.766000 -4.414000 -2.103000
-3.787000 -4.422000 -2.105000
-3.783000 -4.415000 -2.106000
-3.792000 -4.446000 -2.120000
-3.770000 -4.442000 -2.133000
-3.780000 -4.442000 -2.110000
-3.775000 -4.448000 -2.120000
-3.784000 -4.466000 -2.133000
-3.782000 -4.461000 -2.137000
-3.768000 -4.459000 -2.144000
-3.773000 -4.460000 -2.139000
-3.774000 -4.450000 -2.133000
-3.776000 -4.463000 -2.142000
-3.780000 -4.457000 -2.150000
-3.782000 -4.479000 -2.154000
-3.792000 -4.470000 -2.147000
-3.779000 -4.468000 -2.145000
-3.778000 -4.492000 -2.152000
-3.776000 -4.470000 -2.150000
-3.791000 -4.497000 -2.132000
-3.790000 -4.489000 -2.142000
-3.784000 -4.486000 -2.154000
-3.773000 -4.507000 -2.159000
-3.768000 -4.516000 -2.168000
-3.777000 -4.507000 -2.162000
-3.772000 -4.524000 -2.175000
-3.775000 -4.499000 -2.171000
-3.772000 -4.529000 -2.171000
-3.777000 -4.529000 -2.177000
-3.768000 -4.529000 -2.171000
-3.779000 -4.515000 -2.177000
-3.760000 -4.537000 -2.175000
-3.782000 -4.546000 -2.183000
-3.785000 -4.561000 -2.183000
-3.781000 -4.562000 -2.193000
-3.770000 -4.556000 -2.197000
-3.773000 -4.560000 -2.204000
-3.781000 -4.567000 -2.195000
-3.769000 -4.579000 -2.204000
-3.774000 -4.582000 -2.205000
-3.778000 -4.577000 -2.197000
-3.767000 -4.587000 -2.203000
-3.779000 -4.587000 -2.220000
-3.775000 -4.580000 -2.225000
-3.767000 -4.595000 -2.216000
-3.776000 -4.610000 -2.224000
-3.778000 -4.607000 -2.219000
-3.779000 -4.605000 -2.226000
-3.768000 -4.610000 -2.232000
-3.770000 -4.616000 -2.226000
-3.766000 -4.620000 -2.232000
-3.799000 -4.644000 -2.226000
-3.775000 -4.640000 -2.247000
-3.773000 -4.629000 -2.232000
-3.771000 -4.638000 -2.236000
-3.777000 -4.657000 -2.251000
-3.758000 -4.633000 -2.241000
-3.783000 -4.650000 -2.252000
-3.782000 -4.667000 -2.250000
-3.766000 -4.658000 -2.256000
-3.772000 -4.670000 -2.259000
-3.752000 -4.679000 -2.257000
-3.778000 -4.684000 -2.263000
-3.781000 -4.706000 -2.277000
-3.765000 -4.685000 -2.259000
-3.763000 -4.705000 -2.276000
-3.783000 -4.700000 -2.277000
-3.778000 -4.715000 -2.282000
-3.770000 -4.703000 -2.280000
-3.773000 -4.714000 -2.288000
-3.788000 -4.707000 -2.282000
-3.780000 -4.720000 -2.293000
-3.765000 -4.734000 -2.293000
-3.786000 -4.726000 -2.302000
-3.780000 -4.744000 -2.310000
-3.778000 -4.735000 -2.306000
-3.777000 -4.747000 -2.303000
-3.767000 -4.734000 -2.295000
-3.769000 -4.739000 -2.312000
-3.772000 -4.750000 -2.321000
-3.781000 -4.757000 -2.312000
-3.788000 -4.764000 -2.315000
-3.762000 -4.773000 -2.328000
-3.770000 -4.766000 -2.325000
-3.764000 -4.756000 -2.324000
-3.783000 -4.775000 -2.330000
-3.778000 -4.779000 -2.337000
-3.763000 -4.770000 -2.335000
-3.791000 -4.786000 -2.335000
-3.753000 -4.799000 -2.356000
-3.773000 -4.785000 -2.343000
-3.763000 -4.780000 -2.345000
-3.763000 -4.795000 -2.341000
-3.771000 -4.801000 -2.349000
-3.764000 -4.809000 -2.372000
-3.769000 -4.821000 -2.356000
-3.778000 -4.816000 -2.362000
-3.767000 -4.821000 -2.362000
-3.769000 -4.807000 -2.376000
-3.776000 -4.820000 -2.365000
-3.781000 -4.829000 -2.376000
-3.767000 -4.848000 -2.368000
-3.762000 -4.831000 -2.384000
-3.774000 -4.853000 -2.394000
-3.746000 -4.865000 -2.380000
-3.781000 -4.859000 -2.362000
-3.761000 -4.858000 -2.383000
-3.791000 -4.875000 -2.384000
-3.765000 -4.889000 -2.400000
-3.771000 -4.876000 -2.404000
-3.762000 -4.863000 -2.405000
-3.766000 -4.888000 -2.406000
-3.783000 -4.892000 -2.404000
-3.763000 -4.888000 -2.419000
-3.768000 -4.919000 -2.415000
-3.772000 -4.902000 -2.413000
-3.781000 -4.913000 -2.427000
-3.771000 -4.920000 -2.420000
-3.772000 -4.911000 -2.428000
-3.759000 -4.933000 -2.418000
-3.772000 -4.937000 -2.439000
-3.768000 -4.923000 -2.428000
-3.775000 -4.934000 -2.449000
-3.773000 -4.946000 -2.427000
-3.764000 -4.925000 -2.430000
-3.784000 -4.952000 -2.439000
-3.763000 -4.938000 -2.457000
-3.758000 -4.968000 -2.450000
-3.775000 -4.968000 -2.453000
-3.772000 -4.980000 -2.455000
-3.767000 -4.976000 -2.448000
-3.761000 -4.994000 -2.453000
-3.762000 -4.967000 -2.461000
-3.772000 -4.983000 -2.466000
-3.777000 -4.982000 -2.467000
-3.769000 -4.987000 -2.459000
-3.437000 -5.041000 -2.486000
-3.770000 -4.998000 -2.495000
-3.782000 -5.008000 -2.464000
-3.782000 -5.011000 -2.491000
-3.776000 -5.023000 -2.493000
-3.776000 -5.051000 -2.504000
-3.781000 -5.004000 -2.501000
-3.772000 -5.031000 -2.494000
-3.780000 -5.047000 -2.495000
-3.715000 -5.083000 -2.501000
-3.727000 -5.016000 -2.507000
-3.715000 -5.023000 -2.506000
-3.753000 -5.010000 -2.512000
-3.743000 -5.027000 -2.522000
-3.762000 -5.032000 -2.521000
-3.777000 -5.067000 -2.519000
-3.773000 -5.068000 -2.521000
-3.790000 -5.061000 -2.530000
-3.762000 -5.071000 -2.533000
-3.766000 -5.070000 -2.545000
-3.776000 -5.081000 -2.540000
-3.768000 -5.093000 -2.547000
-3.769000 -5.110000 -2.547000
-3.766000 -5.096000 -2.543000
-3.789000 -5.128000 -2.547000
-3.773000 -5.089000 -2.553000
-3.779000 -5.136000 -2.558000
-3.776000 -5.110000 -2.551000
-3.770000 -5.126000 -2.563000
-3.767000 -5.140000 -2.579000
-3.777000 -5.140000 -2.577000
-3.764000 -5.121000 -2.585000
-3.759000 -5.127000 -2.585000
-3.766000 -5.136000 -2.578000
-3.765000 -5.161000 -2.580000
-3.768000 -5.162000 -2.603000
-3.780000 -5.166000 -2.578000
-3.770000 -5.170000 -2.594000
-3.766000 -5.169000 -2.606000
-3.765000 -5.163000 -2.601000
-3.761000 -5.169000 -2.609000
-3.776000 -5.183000 -2.596000
-3.769000 -5.178000 -2.604000
-3.762000 -5.184000 -2.621000
-3.778000 -5.193000 -2.606000
-3.774000 -5.201000 -2.615000
-3.780000 -5.199000 -2.607000
-3.773000 -5.207000 -2.600000
-3.772000 -5.204000 -2.612000
-3.768000 -5.232000 -2.613000
-3.761000 -5.221000 -2.630000
-3.766000 -5.227000 -2.631000
-3.776000 -5.216000 -2.636000
-3.758000 -5.212000 -2.652000
-3.769000 -5.230000 -2.639000
-3.778000 -5.227000 -2.642000
-3.777000 -5.233000 -2.650000
-3.777000 -5.236000 -2.638000
-3.766000 -5.261000 -2.655000
-3.762000 -5.234000 -2.655000
-3.754000 -5.263000 -2.656000
-3.774000 -5.257000 -2.660000
-3.769000 -5.241000 -2.675000
-3.755000 -5.266000 -2.683000
-3.762000 -5.271000 -2.683000
-3.755000 -5.274000 -2.677000
-3.761000 -5.272000 -2.683000
-3.768000 -5.291000 -2.679000
-3.764000 -5.290000 -2.683000
-3.759000 -5.308000 -2.697000
-3.766000 -5.310000 -2.688000
-3.764000 -5.322000 -2.716000
-3.760000 -5.318000 -2.711000
-3.774000 -5.324000 -2.707000
-3.762000 -5.337000 -2.709000
-3.778000 -5.341000 -2.718000
-3.766000 -5.331000 -2.695000
-3.761000 -5.339000 -2.716000
-3.772000 -5.339000 -2.723000
-3.764000 -5.335000 -2.721000
-3.769000 -5.357000 -2.722000
-3.751000 -5.331000 -2.748000
-3.758000 -5.343000 -2.744000
-3.757000 -5.369000 -2.736000
-3.766000 -5.365000 -2.733000
-3.751000 -5.361000 -2.743000
-3.762000 -5.368000 -2.756000
-3.756000 -5.393000 -2.752000
-3.758000 -5.365000 -2.731000
-3.752000 -5.379000 -2.754000
-3.754000 -5.401000 -2.768000
-3.762000 -5.391000 -2.773000
-3.756000 -5.404000 -2.778000
-3.757000 -5.414000 -2.770000
-3.748000 -5.403000 -2.764000
-3.760000 -5.386000 -2.777000
-3.770000 -5.417000 -2.778000
-3.763000 -5.410000 -2.794000
-3.351000 -7.127000 -2.768000
-3.070000 -5.835000 -2.807000
-3.081000 -5.838000 -2.803000
-3.102000 -5.835000 -2.884000
-3.075000 -5.838000 -2.788000
-3.077000 -5.878000 -2.815000
-3.069000 -5.865000 -2.786000
-3.139000 -5.859000 -2.804000
-3.195000 -5.805000 -2.794000
-3.217000 -5.817000 -2.809000
-3.219000 -5.788000 -2.816000
-3.229000 -5.796000 -2.803000
-3.218000 -5.783000 -2.807000
-3.217000 -5.817000 -2.824000
-3.222000 -5.826000 -2.821000
-3.214000 -5.831000 -2.818000
-3.209000 -5.809000 -2.829000
-3.206000 -5.810000 -2.834000
-3.219000 -5.828000 -2.835000
-3.210000 -5.779000 -3.017000
-3.215000 -5.831000 -2.852000
-3.212000 -5.829000 -2.844000
-3.207000 -5.838000 -2.861000
-3.211000 -5.838000 -2.870000
-3.210000 -5.838000 -2.852000
-3.217000 -5.848000 -2.876000
-3.229000 -5.858000 -2.873000
-3.208000 -5.872000 -2.866000
-3.213000 -5.863000 -2.868000
-3.204000 -5.859000 -2.887000
-2.982000 -6.019000 -2.889000
-2.982000 -5.998000 -2.880000
-2.983000 -6.011000 -2.888000
-2.996000 -6.053000 -2.890000
-2.969000 -6.016000 -2.909000
-2.959000 -6.014000 -2.898000
-2.980000 -6.032000 -2.919000
-2.995000 -6.042000 -2.906000
-2.968000 -6.059000 -2.902000
-2.990000 -6.046000 -2.901000
-2.976000 -6.051000 -2.922000
-2.989000 -6.070000 -2.926000
-2.984000 -6.056000 -2.929000
-2.986000 -6.058000 -2.925000
-2.971000 -6.075000 -2.937000
-2.974000 -6.064000 -2.935000
-2.966000 -6.083000 -2.934000
-2.984000 -6.069000 -2.939000
-2.963000 -6.088000 -2.947000
-2.974000 -6.083000 -2.948000
-2.984000 -6.097000 -2.940000
-2.980000 -6.096000 -2.962000
-2.974000 -6.085000 -2.969000
-2.973000 -6.092000 -2.961000
-2.976000 -6.104000 -2.978000
-2.976000 -6.130000 -2.977000
-2.987000 -6.093000 -2.970000
-2.983000 -6.110000 -2.985000
-2.980000 -6.116000 -2.982000
-2.977000 -6.119000 -2.980000
-2.972000 -6.135000 -2.982000
-2.977000 -6.120000 -2.991000
-2.981000 -6.137000 -2.999000
-2.971000 -6.143000 -3.005000
-2.973000 -6.153000 -3.023000
-2.966000 -6.143000 -3.005000
-2.990000 -6.145000 -2.999000
-2.970000 -6.154000 -3.016000
-2.963000 -6.128000 -3.020000
-2.970000 -6.164000 -3.027000
-2.981000 -6.158000 -3.026000
-2.966000 -6.180000 -3.035000
-2.969000 -6.166000 -3.048000
-2.974000 -6.186000 -3.042000
-2.985000 -6.181000 -3.039000
-2.972000 -6.197000 -3.046000
-2.963000 -6.199000 -3.062000
-2.962000 -6.181000 -3.058000
-2.962000 -6.184000 -3.063000
-2.983000 -6.211000 -3.061000
-2.961000 -6.215000 -3.064000
-2.981000 -6.205000 -3.075000
-2.972000 -6.216000 -3.066000
-2.972000 -6.224000 -3.080000
-2.965000 -6.231000 -3.087000
-2.997000 -6.236000 -3.083000
-2.969000 -6.226000 -3.068000
-2.968000 -6.240000 -3.093000
-2.990000 -6.255000 -3.098000
-2.960000 -6.232000 -3.104000
-2.971000 -6.240000 -3.101000
-2.973000 -6.247000 -3.102000
-2.969000 -6.249000 -3.113000
-2.973000 -6.247000 -3.114000
-2.989000 -6.248000 -3.133000
-2.968000 -6.261000 -3.118000
-2.979000 -6.291000 -3.121000
-2.968000 -6.252000 -3.125000
-2.973000 -6.266000 -3.132000
-2.980000 -6.274000 -3.132000
-2.972000 -6.279000 -3.156000
-2.983000 -6.294000 -3.142000
-2.978000 -6.300000 -3.139000
-2.965000 -6.292000 -3.149000
-2.973000 -6.278000 -3.162000
-2.964000 -6.293000 -3.159000
-2.980000 -6.282000 -3.158000
-2.967000 -6.279000 -3.159000
-2.987000 -6.299000 -3.150000
-2.984000 -6.322000 -3.180000
-2.968000 -6.325000 -3.163000
-2.967000 -6.323000 -3.187000
-2.974000 -6.315000 -3.183000
-2.982000 -6.332000 -3.189000
-2.972000 -6.328000 -3.177000
-2.970000 -6.334000 -3.187000
-2.977000 -6.334000 -3.200000
-2.976000 -6.351000 -3.210000
-2.975000 -6.356000 -3.202000
-2.956000 -6.344000 -3.212000
-2.972000 -6.363000 -3.206000
-2.985000 -6.380000 -3.219000
-2.974000 -6.356000 -3.217000
-2.969000 -6.363000 -3.225000
-2.956000 -6.354000 -3.228000
-2.971000 -6.378000 -3.215000
-2.973000 -6.369000 -3.224000
-2.976000 -6.364000 -3.225000
-2.977000 -6.391000 -3.226000
-2.974000 -6.384000 -3.217000
-2.970000 -6.384000 -3.230000
-2.963000 -6.398000 -3.264000
-2.964000 -6.393000 -3.255000
-2.968000 -6.403000 -3.250000
-2.965000 -6.392000 -3.260000
-2.961000 -6.403000 -3.254000
-2.962000 -6.425000 -3.256000
-2.975000 -6.400000 -3.268000
-2.971000 -6.426000 -3.266000
-2.962000 -6.410000 -3.275000
-2.979000 -6.429000 -3.276000
-2.968000 -6.444000 -3.282000
-2.967000 -6.445000 -3.273000
-2.972000 -6.440000 -3.285000
-2.975000 -6.438000 -3.289000
-2.962000 -6.470000 -3.284000
-2.966000 -6.436000 -3.293000
-2.971000 -6.449000 -3.308000
-2.973000 -6.456000 -3.314000
-2.968000 -6.453000 -3.307000
-2.974000 -6.460000 -3.320000
-2.958000 -6.478000 -3.326000
-2.983000 -6.500000 -3.306000
-2.959000 -6.472000 -3.333000
-2.973000 -6.461000 -3.337000
-2.961000 -6.477000 -3.340000
-2.963000 -6.485000 -3.349000
-2.957000 -6.483000 -3.340000
-2.965000 -6.510000 -3.336000
-2.965000 -6.491000 -3.344000
-2.965000 -6.488000 -3.365000
-2.959000 -6.506000 -3.367000
-2.964000 -6.513000 -3.362000
-2.979000 -6.526000 -3.362000
-2.949000 -6.518000 -3.366000
-2.946000 -6.500000 -3.369000
-2.963000 -6.522000 -3.379000
-2.963000 -6.527000 -3.382000
-2.966000 -6.530000 -3.372000
-2.965000 -6.542000 -3.384000
-2.961000 -6.532000 -3.399000
-2.950000 -6.535000 -3.405000
-2.969000 -6.554000 -3.396000
-2.955000 -6.552000 -3.391000
-2.960000 -6.551000 -3.408000
-2.960000 -6.553000 -3.401000
-2.977000 -6.557000 -3.416000
-2.961000 -6.576000 -3.412000
-2.966000 -6.576000 -3.420000
-2.938000 -6.596000 -3.409000
-3.012000 -6.571000 -3.435000
-2.999000 -6.561000 -3.428000
-3.010000 -6.545000 -3.423000
-3.016000 -6.574000 -3.432000
-3.012000 -6.561000 -3.443000
-3.021000 -6.573000 -3.451000
-3.020000 -6.587000 -3.465000
-3.011000 -6.573000 -3.455000
-3.023000 -6.594000 -3.442000
-3.028000 -6.574000 -3.440000
-2.998000 -6.607000 -3.461000
-3.011000 -6.618000 -3.457000
