-13.576350 
-12.182495 
-12.174708 
-12.166922 
-12.159136 
-12.151350 
-12.143566 
-12.135781 
-12.127998 
-12.120215 
-12.112432 
-12.104806 
-12.096869 
-12.089088 
-12.081307 
-12.073528 
-12.065749 
-12.057970 
-12.050192 
-12.042415 
-12.034638 
-12.026861 
-12.019085 
-12.011310 
-12.003536 
-11.995761 
-11.987988 
-11.980215 
-11.972443 
-11.964671 
-11.956899 
-11.949129 
-11.941358 
-11.933589 
-11.925820 
-11.918051 
-11.910283 
-11.902516 
-11.894749 
-11.886983 
-11.879217 
-11.871452 
-11.863687 
-11.855923 
-11.848159 
-11.840396 
-11.832634 
-11.824872 
-11.817111 
-11.809350 
-11.801590 
-11.793830 
-11.786071 
-11.778313 
-11.770555 
-11.762797 
-11.755040 
-11.747284 
-11.739528 
-11.731773 
-11.724018 
-11.716264 
-11.708510 
-11.700757 
-11.693005 
-11.685253 
-11.677502 
-11.669751 
-11.662000 
-11.654251 
-11.646501 
-11.638753 
-11.631005 
-11.623257 
-11.615510 
-11.607764 
-11.600018 
-11.592272 
-11.584527 
-11.576783 
-11.569039 
-11.561296 
-11.553553 
-11.545811 
-11.538070 
-11.530329 
-11.522588 
-11.514848 
-11.507109 
-11.499370 
-11.491631 
-11.483894 
-11.476156 
-11.468420 
-11.460683 
-11.452948 
-11.445213 
-11.437478 
-11.429744 
-11.422011 
-11.414278 
-11.406545 
-11.398813 
-11.391082 
-11.383351 
-11.375621 
-11.367891 
-11.360162 
-11.352433 
-11.344705 
-11.336978 
-11.329250 
-11.321524 
-11.313798 
-11.306072 
-11.298348 
-11.290623 
-11.282899 
-11.275176 
-11.267453 
-11.259731 
-11.252009 
-11.244288 
-11.236567 
-11.228847 
-11.221127 
-11.213408 
-11.205690 
-11.197972 
-11.190254 
-11.182537 
-11.174821 
-11.167105 
-11.159390 
-11.151675 
-11.143960 
-11.136247 
-11.128533 
-11.120821 
-11.113108 
-11.105397 
-11.097685 
-11.089975 
-11.082265 
-11.074555 
-11.066846 
-11.059137 
-11.051429 
-11.043722 
-11.036015 
-11.028308 
-11.020603 
-11.012897 
-11.005192 
-10.997488 
-10.989784 
-10.982081 
-10.974378 
-10.966676 
-10.958974 
-10.951273 
-10.943572 
-10.935872 
-10.928172 
-10.920473 
-10.912774 
-10.905076 
-10.897378 
-10.889681 
-10.881985 
-10.874289 
-10.866593 
-10.858898 
-10.851204 
-10.843510 
-10.835816 
-10.828123 
-10.820431 
-10.812739 
-10.805047 
-10.797357 
-10.789666 
-10.781976 
-10.774287 
-10.766598 
-10.758910 
-10.751222 
-10.743535 
-10.735848 
-10.728162 
-10.720476 
-10.712791 
-10.705106 
-10.697422 
-10.689738 
-10.682055 
-10.674372 
-10.666690 
-10.659008 
-10.651327 
-10.643646 
-10.635966 
-10.628286 
-10.620607 
-10.612928 
-10.605250 
-10.597572 
-10.589895 
-10.582219 
-10.574542 
-10.566867 
-10.559192 
-10.551517 
-10.543843 
-10.536169 
-10.528496 
-10.520823 
-10.513151 
-10.505480 
-10.497809 
-10.490138 
-10.482468 
-10.474798 
-10.467129 
-10.459460 
-10.451792 
-10.444125 
-10.436458 
-10.428791 
-10.421125 
-10.413459 
-10.405794 
-10.398129 
-10.390465 
-10.382801 
-10.375138 
-10.367476 
-10.359813 
-10.352152 
-10.344491 
-10.336830 
-10.329170 
-10.321510 
-10.313851 
-10.306192 
-10.298534 
-10.290876 
-10.283219 
-10.275562 
-10.267906 
-10.260250 
-10.252595 
-10.244940 
-10.237286 
-10.229632 
-10.221979 
-10.214326 
-10.206673 
-10.199022 
-10.191370 
-10.183719 
-10.176069 
-10.168419 
-10.160769 
-10.153121 
-10.145472 
-10.137824 
-10.130177 
-10.122530 
-10.114883 
-10.107237 
-10.099592 
-10.091946 
-10.084302 
-10.076658 
-10.069014 
-10.061371 
-10.053728 
-10.046086 
-10.038444 
-10.030803 
-10.023162 
-10.015522 
-10.007882 
-10.000243 
-9.992604 
-9.984966 
-9.977328 
-9.969691 
-9.962054 
-9.954417 
-9.946781 
-9.939146 
-9.931511 
-9.923876 
-9.916242 
-9.908609 
-9.900976 
-9.893343 
-9.885711 
-9.878079 
-9.870448 
-9.862817 
-9.855187 
-9.847557 
-9.839928 
-9.832299 
-9.824671 
-9.817043 
-9.809415 
-9.801789 
-9.794162 
-9.786536 
-9.778911 
-9.771286 
-9.763661 
-9.756037 
-9.748413 
-9.740790 
-9.733167 
-9.725545 
-9.717923 
-9.710302 
-9.702681 
-9.695061 
-9.687441 
-9.679822 
-9.672203 
-9.664584 
-9.656966 
-9.649349 
-9.641732 
-9.634115 
-9.626499 
-9.618883 
-9.611268 
-9.603653 
-9.596039 
-9.588425 
-9.580812 
-9.573199 
-9.565586 
-9.557974 
-9.550363 
-9.542752 
-9.535141 
-9.527531 
-9.519921 
-9.512312 
-9.504704 
-9.497095 
-9.489487 
-9.481880 
-9.474273 
-9.466667 
-9.459061 
-9.451455 
-9.443850 
-9.436245 
-9.428641 
-9.421038 
-9.413434 
-9.405831 
-9.398229 
-9.390627 
-9.383026 
-9.375425 
-9.367824 
-9.360224 
-9.352625 
-9.345026 
-9.337427 
-9.329829 
-9.322231 
-9.314633 
-9.307037 
-9.299440 
-9.291844 
-9.284249 
-9.276654 
-9.269059 
-9.261465 
-9.253871 
-9.246278 
-9.238685 
-9.231092 
-9.223501 
-9.215909 
-9.208318 
-9.200727 
-9.193137 
-9.185548 
-9.177958 
-9.170370 
-9.162781 
-9.155193 
-9.147606 
-9.140019 
-9.132432 
-9.124846 
-9.117261 
-9.109675 
-9.102091 
-9.094506 
-9.086922 
-9.079339 
-9.071756 
-9.064173 
-9.056591 
-9.049010 
-9.041428 
-9.033848 
-9.026267 
-9.018687 
-9.011108 
-9.003529 
-8.995950 
-8.988372 
-8.980794 
-8.973217 
-8.965640 
-8.958064 
-8.950488 
-8.942912 
-8.935337 
-8.927763 
-8.920189 
-8.912615 
-8.905041 
-8.897469 
-8.889896 
-8.882324 
-8.874753 
-8.867181 
-8.859611 
-8.852040 
-8.844471 
-8.836901 
-8.829332 
-8.821764 
-8.814196 
-8.806628 
-8.799061 
-8.791494 
-8.783928 
-8.776362 
-8.768796 
-8.761231 
-8.753666 
-8.746102 
-8.738538 
-8.730975 
-8.723412 
-8.715850 
-8.708288 
-8.700726 
-8.693165 
-8.685604 
-8.678044 
-8.670484 
-8.662924 
-8.655365 
-8.647807 
-8.640248 
-8.632691 
-8.625133 
-8.617576 
-8.610020 
-8.602464 
-8.594908 
-8.587353 
-8.579798 
-8.572244 
-8.564690 
-8.557136 
-8.549583 
-8.542031 
-8.534478 
-8.526927 
-8.519375 
-8.511824 
-8.504274 
-8.496724 
-8.489174 
-8.481625 
-8.474076 
-8.466527 
-8.458979 
-8.451432 
-8.443885 
-8.436338 
-8.428791 
-8.421246 
-8.413700 
-8.406155 
-8.398610 
-8.391066 
-8.383522 
-8.375979 
-8.368436 
-8.360893 
-8.353351 
-8.345809 
-8.338268 
-8.330727 
-8.323187 
-8.315647 
-8.308107 
-8.300568 
-8.293029 
-8.285491 
-8.277953 
-8.270415 
-8.262878 
-8.255341 
-8.247805 
-8.240269 
-8.232734 
-8.225199 
-8.217664 
-8.210130 
-8.202596 
-8.195063 
-8.187530 
-8.179997 
-8.172465 
-8.164933 
-8.157402 
-8.149871 
-8.142340 
-8.134810 
-8.127281 
-8.119751 
-8.112222 
-8.104694 
-8.097166 
-8.089638 
-8.082111 
-8.074584 
-8.067058 
-8.059532 
-8.052006 
-8.044481 
-8.036956 
-8.029431 
-8.021907 
-8.014384 
-8.006861 
-7.999338 
-7.991815 
-7.984293 
-7.976772 
-7.969250 
-7.961730 
-7.954209 
-7.946689 
-7.939170 
-7.931650 
-7.924131 
-7.916613 
-7.909095 
-7.901577 
-7.894060 
-7.886543 
-7.879027 
-7.871511 
-7.863995 
-7.856480 
-7.848965 
-7.841450 
-7.833936 
-7.826423 
-7.818909 
-7.811396 
-7.803884 
-7.796372 
-7.788860 
-7.781348 
-7.773837 
-7.766327 
-7.758817 
-7.751307 
-7.743797 
-7.736288 
-7.728780 
-7.721271 
-7.713763 
-7.706256 
-7.698749 
-7.691242 
-7.683736 
-7.676230 
-7.668724 
-7.661219 
-7.653714 
-7.646209 
-7.638705 
-7.631202 
-7.623698 
-7.616195 
-7.608693 
-7.601190 
-7.593689 
-7.586187 
-7.578686 
-7.571185 
-7.563685 
-7.556185 
-7.548686 
-7.541186 
-7.533688 
-7.526189 
-7.518691 
-7.511193 
-7.503696 
-7.496199 
-7.488703 
-7.481206 
-7.473711 
-7.466215 
-7.458720 
-7.451225 
-7.443731 
-7.436237 
-7.428743 
-7.421250 
-7.413757 
-7.406265 
-7.398772 
-7.391281 
-7.383789 
-7.376298 
-7.368808 
-7.361317 
-7.353827 
-7.346338 
-7.338848 
-7.331360 
-7.323871 
-7.316383 
-7.308895 
-7.301408 
-7.293921 
-7.286434 
-7.278948 
-7.271462 
-7.263976 
-7.256491 
-7.249006 
-7.241522 
-7.234037 
-7.226554 
-7.219070 
-7.211587 
-7.204104 
-7.196622 
-7.189140 
-7.181658 
-7.174177 
-7.166696 
-7.159215 
-7.151735 
-7.144255 
-7.136776 
-7.129297 
-7.121818 
-7.114339 
-7.106861 
-7.099383 
-7.091906 
-7.084429 
-7.076952 
-7.069476 
-7.062000 
-7.054524 
-7.047049 
-7.039574 
-7.032099 
-7.024625 
-7.017151 
-7.009678 
-7.002204 
-6.994732 
-6.987259 
-6.979787 
-6.972315 
-6.964844 
-6.957372 
-6.949902 
-6.942431 
-6.934961 
-6.927491 
-6.920022 
-6.912553 
