-78.540646 
-78.518686 
-78.518571 
-78.518456 
-78.518341 
-78.518226 
-78.518111 
-78.517996 
-78.517881 
-78.517766 
-78.517652 
-78.517539 
-78.517422 
-78.517307 
-78.517192 
-78.517078 
-78.516963 
-78.516848 
-78.516733 
-78.516619 
-78.516504 
-78.516389 
-78.516275 
-78.516160 
-78.516046 
-78.515931 
-78.515816 
-78.515702 
-78.515587 
-78.515472 
-78.515358 
-78.515243 
-78.515129 
-78.515014 
-78.514899 
-78.514785 
-78.514670 
-78.514556 
-78.514441 
-78.514326 
-78.514212 
-78.514097 
-78.513982 
-78.513868 
-78.513753 
-78.513638 
-78.513524 
-78.513409 
-78.513294 
-78.513179 
-78.513065 
-78.512950 
-78.512835 
-78.512720 
-78.512605 
-78.512490 
-78.512375 
-78.512261 
-78.512146 
-78.512031 
-78.511916 
-78.511801 
-78.511685 
-78.511570 
-78.511455 
-78.511340 
-78.511225 
-78.511110 
-78.510994 
-78.510879 
-78.510764 
-78.510648 
-78.510533 
-78.510417 
-78.510302 
-78.510186 
-78.510070 
-78.509955 
-78.509839 
-78.509723 
-78.509607 
-78.509491 
-78.509376 
-78.509260 
-78.509144 
-78.509027 
-78.508911 
-78.508795 
-78.508679 
-78.508562 
-78.508446 
-78.508330 
-78.508213 
-78.508096 
-78.507980 
-78.507863 
-78.507746 
-78.507630 
-78.507513 
-78.507396 
-78.507279 
-78.507161 
-78.507044 
-78.506927 
-78.506810 
-78.506692 
-78.506575 
-78.506457 
-78.506339 
-78.506222 
-78.506104 
-78.505986 
-78.505868 
-78.505750 
-78.505632 
-78.505513 
-78.505395 
-78.505276 
-78.505158 
-78.505039 
-78.504921 
-78.504802 
-78.504683 
-78.504564 
-78.504445 
-78.504325 
-78.504206 
-78.504087 
-78.503967 
-78.503847 
-78.503728 
-78.503608 
-78.503488 
-78.503368 
-78.503247 
-78.503127 
-78.503007 
-78.502886 
-78.502766 
-78.502645 
-78.502524 
-78.502403 
-78.502282 
-78.502161 
-78.502039 
-78.501918 
-78.501796 
-78.501674 
-78.501553 
-78.501431 
-78.501308 
-78.501186 
-78.501064 
-78.500941 
-78.500819 
-78.500696 
-78.500573 
-78.500450 
-78.500327 
-78.500204 
-78.500080 
-78.499956 
-78.499833 
-78.499709 
-78.499585 
-78.499461 
-78.499336 
-78.499212 
-78.499087 
-78.498963 
-78.498838 
-78.498713 
-78.498587 
-78.498462 
-78.498337 
-78.498211 
-78.498085 
-78.497959 
-78.497833 
-78.497707 
-78.497580 
-78.497454 
-78.497327 
-78.497200 
-78.497073 
-78.496946 
-78.496818 
-78.496691 
-78.496563 
-78.496435 
-78.496307 
-78.496178 
-78.496050 
-78.495921 
-78.495793 
-78.495664 
-78.495534 
-78.495405 
-78.495276 
-78.495146 
-78.495016 
-78.494886 
-78.494756 
-78.494625 
-78.494495 
-78.494364 
-78.494233 
-78.494101 
-78.493970 
-78.493838 
-78.493707 
-78.493575 
-78.493443 
-78.493310 
-78.493178 
-78.493045 
-78.492912 
-78.492779 
-78.492645 
-78.492512 
-78.492378 
-78.492244 
-78.492110 
-78.491975 
-78.491841 
-78.491706 
-78.491571 
-78.491436 
-78.491300 
-78.491165 
-78.491029 
-78.490893 
-78.490756 
-78.490620 
-78.490483 
-78.490346 
-78.490209 
-78.490071 
-78.489934 
-78.489796 
-78.489658 
-78.489520 
-78.489381 
-78.489242 
-78.489103 
-78.488964 
-78.488825 
-78.488685 
-78.488545 
-78.488405 
-78.488264 
-78.488124 
-78.487983 
-78.487842 
-78.487700 
-78.487559 
-78.487417 
-78.487275 
-78.487132 
-78.486990 
-78.486847 
-78.486704 
-78.486561 
-78.486417 
-78.486273 
-78.486129 
-78.485985 
-78.485840 
-78.485695 
-78.485550 
-78.485404 
-78.485259 
-78.485113 
-78.484967 
-78.484820 
-78.484673 
-78.484526 
-78.484379 
-78.484231 
-78.484083 
-78.483935 
-78.483787 
-78.483638 
-78.483489 
-78.483340 
-78.483190 
-78.483041 
-78.482890 
-78.482740 
-78.482589 
-78.482438 
-78.482287 
-78.482136 
-78.481984 
-78.481832 
-78.481679 
-78.481526 
-78.481373 
-78.481220 
-78.481067 
-78.480913 
-78.480758 
-78.480604 
-78.480449 
-78.480294 
-78.480139 
-78.479983 
-78.479827 
-78.479670 
-78.479514 
-78.479357 
-78.479199 
-78.479042 
-78.478884 
-78.478726 
-78.478567 
-78.478408 
-78.478249 
-78.478089 
-78.477929 
-78.477769 
-78.477609 
-78.477448 
-78.477287 
-78.477125 
-78.476963 
-78.476801 
-78.476639 
-78.476476 
-78.476313 
-78.476149 
-78.475985 
-78.475821 
-78.475657 
-78.475492 
-78.475327 
-78.475161 
-78.474995 
-78.474829 
-78.474662 
-78.474495 
-78.474328 
-78.474160 
-78.473992 
-78.473824 
-78.473655 
-78.473486 
-78.473317 
-78.473147 
-78.472976 
-78.472806 
-78.472635 
-78.472464 
-78.472292 
-78.472120 
-78.471948 
-78.471775 
-78.471602 
-78.471428 
-78.471254 
-78.471080 
-78.470905 
-78.470730 
-78.470555 
-78.470379 
-78.470203 
-78.470026 
-78.469849 
-78.469672 
-78.469494 
-78.469316 
-78.469138 
-78.468959 
-78.468779 
-78.468600 
-78.468420 
-78.468239 
-78.468058 
-78.467877 
-78.467695 
-78.467513 
-78.467331 
-78.467148 
-78.466964 
-78.466781 
-78.466597 
-78.466412 
-78.466227 
-78.466042 
-78.465856 
-78.465670 
-78.465483 
-78.465296 
-78.465109 
-78.464921 
-78.464733 
-78.464544 
-78.464355 
-78.464165 
-78.463975 
-78.463785 
-78.463594 
-78.463403 
-78.463211 
-78.463019 
-78.462826 
-78.462633 
-78.462440 
-78.462246 
-78.462052 
-78.461857 
-78.461662 
-78.461466 
-78.461270 
-78.461073 
-78.460876 
-78.460679 
-78.460481 
-78.460283 
-78.460084 
-78.459885 
-78.459685 
-78.459485 
-78.459284 
-78.459083 
-78.458882 
-78.458680 
-78.458478 
-78.458275 
-78.458071 
-78.457868 
-78.457663 
-78.457459 
-78.457253 
-78.457048 
-78.456841 
-78.456635 
-78.456428 
-78.456220 
-78.456012 
-78.455803 
-78.455594 
-78.455385 
-78.455175 
-78.454964 
-78.454754 
-78.454542 
-78.454330 
-78.454118 
-78.453905 
-78.453691 
-78.453477 
-78.453263 
-78.453048 
-78.452833 
-78.452617 
-78.452401 
-78.452184 
-78.451966 
-78.451748 
-78.451530 
-78.451311 
-78.451092 
-78.450872 
-78.450651 
-78.450431 
-78.450209 
-78.449987 
-78.449765 
-78.449542 
-78.449318 
-78.449094 
-78.448870 
-78.448645 
-78.448419 
-78.448193 
-78.447967 
-78.447740 
-78.447512 
-78.447284 
-78.447055 
-78.446826 
-78.446596 
-78.446366 
-78.446135 
-78.445904 
-78.445672 
-78.445439 
-78.445206 
-78.444973 
-78.444739 
-78.444504 
-78.444269 
-78.444033 
-78.443797 
-78.443560 
-78.443323 
-78.443085 
-78.442847 
-78.442608 
-78.442368 
-78.442128 
-78.441888 
-78.441647 
-78.441405 
-78.441163 
-78.440920 
-78.440677 
-78.440433 
-78.440188 
-78.439943 
-78.439697 
-78.439451 
-78.439204 
-78.438957 
-78.438709 
-78.438461 
-78.438212 
-78.437962 
-78.437712 
-78.437461 
-78.437210 
-78.436958 
-78.436705 
-78.436452 
-78.436199 
-78.435945 
-78.435690 
-78.435435 
-78.435179 
-78.434922 
-78.434665 
-78.434407 
-78.434149 
-78.433890 
-78.433631 
-78.433371 
-78.433110 
-78.432849 
-78.432587 
-78.432325 
-78.432062 
-78.431798 
-78.431534 
-78.431269 
-78.431004 
-78.430738 
-78.430471 
-78.430204 
-78.429936 
-78.429668 
-78.429399 
-78.429129 
-78.428859 
-78.428588 
-78.428317 
-78.428045 
-78.427772 
-78.427499 
-78.427225 
-78.426950 
-78.426675 
-78.426400 
-78.426123 
-78.425846 
-78.425569 
-78.425290 
-78.425012 
-78.424732 
-78.424452 
-78.424171 
-78.423890 
-78.423608 
-78.423326 
-78.423043 
-78.422759 
-78.422474 
-78.422189 
-78.421904 
-78.421617 
-78.421330 
-78.421043 
-78.420754 
-78.420466 
-78.420176 
-78.419886 
-78.419595 
-78.419304 
-78.419012 
-78.418719 
-78.418426 
-78.418132 
-78.417837 
-78.417542 
-78.417246 
-78.416949 
-78.416652 
-78.416354 
-78.416056 
-78.415757 
-78.415457 
-78.415157 
-78.414855 
-78.414554 
-78.414251 
-78.413948 
-78.413645 
-78.413340 
-78.413035 
-78.412730 
-78.412423 
-78.412116 
-78.411809 
-78.411500 
-78.411192 
-78.410882 
-78.410572 
-78.410261 
-78.409949 
-78.409637 
-78.409324 
-78.409010 
-78.408696 
-78.408381 
-78.408066 
-78.407749 
-78.407432 
-78.407115 
-78.406796 
-78.406477 
-78.406158 
-78.405837 
-78.405516 
-78.405195 
-78.404872 
-78.404549 
-78.404226 
-78.403901 
-78.403576 
-78.403250 
-78.402924 
-78.402597 
-78.402269 
-78.401941 
-78.401611 
-78.401282 
-78.400951 
-78.400620 
-78.400288 
-78.399955 
-78.399622 
-78.399288 
-78.398953 
-78.398618 
-78.398282 
-78.397945 
-78.397607 
-78.397269 
-78.396930 
-78.396591 
-78.396250 
-78.395909 
-78.395568 
-78.395225 
-78.394882 
-78.394538 
-78.394194 
-78.393849 
-78.393503 
-78.393156 
-78.392809 
-78.392461 
-78.392112 
-78.391762 
-78.391412 
-78.391061 
-78.390710 
-78.390357 
-78.390004 
-78.389651 
-78.389296 
-78.388941 
-78.388585 
-78.388228 
-78.387871 
-78.387513 
-78.387154 
-78.386794 
-78.386434 
-78.386073 
-78.385711 
-78.385349 
-78.384986 
-78.384622 
