7305229.500000 
155171.453125 
866.889587 
866.826416 
866.763245 
866.700073 
866.636902 
866.574402 
866.511230 
866.448059 
866.384888 
848.996643 
883.585510 
866.196655 
866.133484 
866.070984 
866.009094 
865.945923 
865.883423 
865.821533 
865.758423 
865.696533 
865.634033 
865.572144 
865.509033 
865.447144 
865.385254 
865.322754 
865.260254 
865.197754 
865.135864 
865.074036 
865.012146 
864.949036 
864.887817 
864.825928 
864.763428 
864.701599 
864.639771 
864.577881 
864.516052 
864.454163 
864.392334 
864.331116 
864.269287 
864.207458 
864.145569 
864.084412 
864.023193 
863.961304 
863.899475 
863.838257 
863.776428 
863.715271 
863.654053 
863.592224 
863.531006 
863.469849 
863.408630 
863.346802 
863.286255 
863.225708 
863.163879 
863.102661 
863.042114 
862.980957 
862.920410 
862.859192 
862.798035 
862.737488 
862.676941 
862.616394 
862.555237 
862.494690 
862.434143 
862.373596 
862.313110 
862.252563 
862.192017 
862.131470 
862.071594 
862.010437 
861.950562 
861.890015 
861.830139 
861.769592 
861.709106 
861.649841 
861.588684 
861.528809 
861.468933 
861.409058 
861.348511 
861.288635 
861.228760 
861.168274 
861.109009 
861.048523 
860.989258 
860.928772 
860.869507 
860.809692 
860.749817 
860.689941 
860.630737 
860.571472 
860.511658 
860.452393 
860.392578 
860.333374 
860.274109 
860.214294 
860.155701 
860.095825 
860.036682 
859.977417 
859.918213 
859.859009 
859.800476 
859.740601 
859.682068 
859.622864 
859.563660 
859.505127 
859.446533 
859.386719 
859.328796 
859.268982 
859.211060 
859.151855 
859.093323 
859.034119 
858.975586 
858.917664 
858.858459 
858.799927 
858.741394 
858.683472 
858.624329 
858.566406 
858.507874 
858.449341 
858.391479 
858.332947 
858.274414 
858.216492 
858.157959 
858.100098 
858.041565 
857.983704 
857.925781 
857.867920 
857.809387 
857.751526 
857.693665 
857.635742 
857.577271 
857.520020 
857.462158 
857.404297 
857.346375 
857.289185 
857.230652 
857.173462 
857.116211 
857.058350 
857.001160 
856.943298 
856.886047 
856.828186 
856.770996 
856.713806 
856.656555 
856.598694 
856.541504 
856.484253 
856.427063 
856.370483 
856.312683 
856.256104 
856.198914 
856.142334 
856.085144 
856.027954 
855.971375 
855.914856 
855.857666 
855.801086 
855.744568 
855.687988 
855.630798 
855.574890 
855.517700 
855.461792 
855.405273 
855.348755 
855.292236 
855.236328 
855.179810 
855.123901 
855.067383 
855.011475 
854.955566 
854.899048 
854.843201 
854.787292 
854.731445 
854.676208 
854.619690 
854.563782 
854.508545 
854.452026 
854.396851 
854.340942 
854.285706 
854.229248 
854.174622 
854.118774 
854.062927 
854.007690 
853.952515 
853.896606 
853.841431 
853.786194 
853.731018 
853.675781 
853.621216 
853.565369 
853.510132 
853.454956 
853.400391 
853.344543 
853.289978 
853.235474 
853.179626 
853.125732 
853.070496 
853.015320 
852.960754 
852.906250 
852.851685 
852.797180 
852.741943 
852.688049 
852.632874 
852.579041 
852.524475 
852.469971 
852.416077 
852.361572 
852.307007 
852.253174 
852.199280 
852.145386 
852.090881 
852.037659 
851.983154 
851.929321 
851.874817 
851.821594 
851.767090 
851.713196 
851.659973 
851.606140 
851.551636 
851.499084 
851.444580 
851.391418 
851.337585 
851.284363 
851.231201 
851.177368 
851.124146 
851.070312 
851.017761 
850.964600 
850.910767 
850.858215 
850.804443 
850.752502 
850.698730 
850.645569 
850.593018 
850.539856 
850.487305 
850.433533 
850.381653 
850.328491 
850.275391 
850.222839 
850.169678 
850.117859 
850.064697 
850.011536 
849.959717 
849.906555 
849.854065 
849.801575 
849.749084 
849.695984 
849.644165 
849.591675 
849.539185 
849.486755 
849.434875 
849.382446 
849.329956 
849.278137 
849.225037 
849.173889 
849.121399 
849.069641 
849.017151 
848.964722 
848.913574 
848.861145 
848.809326 
848.757568 
848.705750 
848.653320 
848.602173 
848.550415 
848.498596 
848.446838 
848.395081 
848.343933 
848.292175 
848.240417 
848.189270 
848.137512 
848.086426 
848.034668 
847.984192 
847.932495 
847.881348 
847.830261 
847.779785 
847.728088 
847.677002 
847.625916 
847.575500 
847.524414 
847.473999 
847.422241 
847.372498 
847.320801 
847.270996 
847.219299 
847.169495 
847.119141 
847.068054 
847.017700 
846.967285 
846.916870 
846.866455 
846.816101 
846.765686 
846.715332 
846.664917 
846.615173 
846.564209 
846.514465 
846.464111 
846.414368 
846.364014 
846.314331 
846.263977 
846.214233 
846.164551 
846.114197 
846.063843 
846.014771 
845.964478 
845.914795 
845.865112 
845.815430 
845.766357 
845.716064 
845.667053 
845.616760 
845.567749 
845.518677 
845.468445 
845.420044 
845.369751 
845.321411 
845.271118 
845.222778 
845.173157 
845.124146 
845.074524 
845.026184 
844.976624 
844.928284 
844.878662 
844.830322 
844.780701 
844.731812 
844.683472 
844.634521 
844.585571 
844.536621 
844.488342 
844.439453 
844.391174 
844.342224 
844.293945 
844.245056 
844.197449 
844.148499 
844.099609 
844.052002 
844.003784 
843.954895 
843.907288 
843.858398 
843.810791 
843.762573 
843.713684 
843.666138 
843.617920 
843.570312 
843.521484 
843.473938 
843.425720 
843.378174 
843.330566 
843.282410 
843.234863 
843.187378 
843.139832 
843.092285 
843.044800 
842.997925 
842.949768 
842.902283 
842.855408 
842.807922 
842.760437 
842.713562 
842.666077 
842.618591 
842.571167 
842.524292 
842.476868 
842.430054 
842.383240 
842.335754 
842.289001 
842.241577 
842.195374 
842.147949 
842.101196 
842.054382 
842.007019 
841.960876 
841.914124 
841.867371 
841.820618 
841.773193 
841.727112 
841.681030 
841.633606 
841.587524 
841.540833 
841.494751 
841.447998 
841.401978 
841.355896 
841.309204 
841.263123 
841.217102 
841.170410 
841.124390 
841.078369 
841.032349 
840.986328 
840.940308 
840.894287 
840.848328 
840.802979 
840.756958 
840.710999 
840.664978 
840.619629 
840.573730 
840.528381 
840.482422 
840.436462 
840.391785 
840.345886 
840.299927 
840.254639 
840.209351 
840.164062 
840.118164 
840.072876 
840.027649 
839.982361 
839.937134 
839.891846 
839.846619 
839.802063 
839.756165 
839.710999 
839.665771 
839.620544 
839.575317 
839.530151 
839.485596 
839.439758 
839.395264 
839.349426 
839.304871 
839.260376 
839.215210 
839.170044 
839.126160 
839.080383 
839.036560 
838.991394 
838.946289 
838.902466 
838.857300 
838.813477 
838.769043 
838.724548 
838.680115 
838.636292 
838.591858 
838.548096 
838.503662 
838.460510 
838.416138 
838.372314 
838.328552 
838.284851 
838.241760 
838.197998 
838.153625 
838.111145 
838.066833 
838.024414 
837.980652 
837.936951 
837.894531 
837.851501 
837.807861 
837.765442 
837.722412 
837.679382 
837.636353 
837.593994 
837.550964 
837.507935 
837.465637 
837.422607 
837.380249 
837.337280 
837.295593 
837.252625 
837.210327 
837.168030 
837.126343 
837.083435 
837.041748 
836.999451 
836.957825 
836.916199 
836.873901 
836.832336 
836.790039 
836.749084 
836.707458 
836.665283 
836.624268 
836.582092 
836.541138 
836.499573 
836.458618 
836.417114 
836.376160 
836.334656 
836.293762 
836.253479 
836.211304 
836.171082 
836.130249 
836.089355 
836.048523 
836.007629 
835.967468 
835.926575 
835.885742 
835.845581 
835.804749 
835.764587 
835.724426 
835.683594 
835.644104 
835.603333 
835.563782 
835.523071 
835.483582 
835.443420 
835.403320 
835.363892 
835.324402 
835.284302 
835.244202 
835.205383 
835.165344 
835.125916 
835.086487 
835.046448 
835.007690 
834.968262 
834.928894 
834.890137 
834.850159 
834.811401 
834.772705 
834.733337 
834.694641 
834.655273 
834.616577 
834.577942 
834.538574 
834.500549 
834.461304 
834.423218 
834.383972 
834.345947 
834.307312 
834.268738 
834.230713 
834.192139 
834.153503 
834.115540 
834.076965 
834.039001 
834.001099 
833.963135 
833.924622 
833.887329 
833.848816 
833.811523 
833.773621 
833.735779 
833.698486 
833.660034 
833.623413 
833.585571 
833.547729 
833.511230 
833.473328 
833.436218 
833.398376 
833.361877 
833.324036 
833.287537 
833.249756 
833.213257 
833.175537 
833.139038 
833.101929 
833.065430 
833.028381 
832.991272 
832.954834 
832.917786 
832.881348 
832.844299 
832.808533 
832.771545 
832.735779 
832.698730 
832.662354 
832.626648 
832.589661 
832.553955 
832.517639 
832.481934 
832.444946 
832.409973 
832.373657 
832.337341 
832.301697 
832.266052 
832.229797 
832.194824 
832.158569 
832.123596 
832.088013 
