-1.278000 -5.374000 -17.907000
-1.188000 -5.027000 -18.138000
-1.171000 -4.778000 -18.285000
-1.126000 -4.434000 -18.497999
-1.117000 -4.311000 -18.545000
-1.066000 -3.996000 -18.705999
-1.016000 -3.467000 -18.958000
-0.992000 -3.148000 -19.062000
-0.993000 -3.043000 -19.107000
-0.987000 -3.021000 -19.106001
-0.997000 -3.028000 -19.100000
-0.977000 -2.993000 -19.101000
-0.975000 -2.870000 -19.155001
-0.970000 -2.635000 -19.245001
-0.962000 -2.647000 -19.260000
-0.929000 -2.313000 -19.316999
-0.928000 -1.957000 -19.410999
-0.907000 -1.783000 -19.441000
-0.920000 -1.795000 -19.455999
-0.928000 -1.689000 -19.469999
-0.868000 -1.374000 -19.511999
-0.887000 -1.310000 -19.544001
-0.860000 -0.775000 -19.587000
-0.869000 -0.771000 -19.591999
-0.870000 -0.773000 -19.594999
-0.845000 -0.318000 -19.634001
-0.829000 -0.091000 -19.629999
-0.772000 1.205000 -19.584999
-0.751000 1.230000 -19.573999
-0.758000 1.603000 -19.548000
-0.726000 1.863000 -19.497000
-0.713000 2.011000 -19.455000
-0.736000 2.300000 -19.393000
-0.735000 2.403000 -19.364000
0.000000 -2147483.750000 49.152000
-0.729000 2.988000 -19.195999
0.000000 -2147483.750000 49.152000
-0.744000 3.033000 -19.195999
-0.730000 3.062000 -19.179001
-0.726000 3.083000 -19.169001
-0.778000 3.395000 -19.089001
-0.792000 3.397000 -19.077999
-0.772000 3.461000 -19.049000
-0.768000 3.672000 -18.966999
-0.733000 4.324000 -18.684000
-0.737000 4.339000 -18.672001
-0.713000 4.439000 -18.614000
-0.716000 4.784000 -18.447001
-0.674000 5.497000 -18.028999
-0.673000 5.560000 -18.007999
-0.638000 6.062000 -17.612000
-0.609000 6.549000 -17.219999
-0.618000 7.200000 -16.604000
-0.771000 9.853000 -9.713000
-0.777000 9.878000 -9.532000
-0.742000 8.795000 -5.495000
-0.752000 8.627000 -5.163000
-0.729000 8.056000 -4.209000
-0.729000 7.808000 -3.933000
-0.708000 7.826000 -3.929000
-0.714000 7.814000 -3.906000
-0.723000 7.739000 -3.796000
