-20.756046 
-16.889472 
-14.571604 
-11.850567 
-11.109586 
-9.205142 
-6.380375 
-5.228168 
-4.793057 
-4.692855 
-4.689333 
-4.617578 
-4.126397 
-3.229234 
-3.189080 
-2.162457 
-0.968734 
-0.388578 
-0.369809 
-0.147367 
0.813193 
1.034375 
2.434389 
2.473137 
2.474228 
3.563030 
4.126914 
7.003943 
7.056916 
7.739688 
8.264274 
8.559136 
9.126177 
9.261208 
1238578738.066598 
10.385276 
1238578738.066598 
10.440912 
10.452338 
10.541956 
11.029824 
11.062006 
11.179969 
11.534790 
12.591026 
12.615157 
12.787105 
13.331485 
14.381271 
14.461301 
15.253882 
15.935875 
16.948306 
22.509805 
22.588403 
23.986293 
24.069551 
24.279146 
24.330821 
24.333806 
24.338030 
24.356183 
