-39.381028 
-37.525489 
-36.456441 
-35.234418 
-34.906876 
-34.073738 
-32.857053 
-32.365886 
-32.181015 
-32.138483 
-32.136988 
-32.106541 
-31.898325 
-31.518831 
-31.501869 
-31.068725 
-30.566099 
-30.322072 
-30.314179 
-30.220642 
-29.816795 
-29.723802 
-29.134904 
-29.118594 
-29.118135 
-28.659449 
-28.421532 
-27.201967 
-27.179403 
-26.888158 
-26.663842 
-26.537540 
-26.294203 
-26.236168 
-52307360675.812119 
-25.751691 
-51357461096.748001 
-25.727648 
-25.722710 
-25.683968 
-25.472787 
-25.458841 
-25.407703 
-25.253729 
-24.794102 
-24.783582 
-24.708592 
-24.470944 
-24.011978 
-23.976974 
-23.630415 
-23.332735 
-22.892951 
-20.779958 
-20.762574 
-20.743384 
-20.778711 
-20.917427 
-20.967690 
-20.970863 
-20.975409 
-20.995709 
