246110.484375 
36053.027344 
78526.187500 
191920.859375 
190043.218750 
89239.265625 
86849.023438 
368.140900 
153653.187500 
2288.455566 
57784.976562 
12590.862305 
50058.792969 
2635.187744 
5184.491211 
64538.914062 
6121.187988 
1962.755249 
14581.566406 
53568.152344 
128.583832 
4368.742676 
179287.187500 
42435.121094 
370.890045 
9151.129883 
6847.147949 
101.055634 
61855.089844 
27900.474609 
40120.656250 
40844.347656 
3348.397949 
19392.677734 
69168.789062 
7949.309082 
35163.199219 
9157.719727 
6246.893066 
8351.824219 
43207.675781 
7952.345703 
146.823349 
249.470490 
146.671539 
15985.236328 
22065.138672 
69215.023438 
45024.289062 
32.459396 
18634.558594 
67.869270 
59.934628 
