4263924.500000 
180190.359375 
5300.634277 
132621.390625 
87703.398438 
225144.593750 
967.736572 
135824.203125 
51273.355469 
11806.519531 
414.976227 
8454.479492 
81.383873 
35201.718750 
4728.800293 
120886.351562 
75993.359375 
68292.101562 
2209.291504 
20062.283203 
113065.164062 
26034.787109 
94688.304688 
64.201561 
128.398376 
128187.437500 
66398.328125 
159656.968750 
6244.009766 
28534.953125 
61859.917969 
27929.935547 
4936.135742 
15931.958984 
4761966069415936.000000 
4761966069415936.000000 
4675562064838656.000000 
4675562064838656.000000 
1348.880371 
10580.583008 
16763.175781 
452.145935 
13931.436523 
22516.251953 
55625.390625 
2851.661133 
12371.389648 
29178.453125 
124097.562500 
303.284271 
93694.171875 
80605.132812 
104996.007812 
605084.062500 
395.731415 
4436.199219 
9809.728516 
7941.009277 
7281.319336 
440.192474 
626.348267 
2677.856445 
