0	36.53288851209099163952	136.62964301865420679860	1
100	36.53288609993867197545	136.62965820776537384518	1
200	36.53288549260341255831	136.62966023603593157532	1
300	36.53288502277801796936	136.62966210960794910534	1
400	36.53288448419768741360	136.62966394307287032461	1
500	36.53288395707652114197	136.62966570778289110422	1
600	36.53288349871028373173	136.62966745530414414134	1
700	36.53288306899193571553	136.62966923720290424171	1
800	36.53288293721164592398	136.62967187853834616362	1
900	36.53288324660885422190	136.62967842171636334569	1
1000	36.53288200902001392478	136.62969657301931647453	1
1100	36.53287148951490337367	136.62972264832856694738	1
1200	36.53284969992995456778	136.62974315448806805762	1
1300	36.53281806120050134723	136.62975252234801359918	1
1400	36.53277978761978772582	136.62975931189788525444	1
1500	36.53273674130063852772	136.62976970535228815606	1
1600	36.53269277824902161456	136.62978212707727720954	1
1700	36.53265043093838215782	136.62979449150648747491	1
1800	36.53261214589851135770	136.62980690750194412431	1
1900	36.53257760800261877421	136.62982087048337120905	1
2000	36.53255214002862771849	136.62983918794409987640	1
2100	36.53253562165539136686	136.62986538930408642045	1
2200	36.53252953684360448960	136.62989666707008495905	1
2300	36.53253338139041517252	136.62991812433952532047	1
2400	36.53253586229766369797	136.62993024812647036015	1
2500	36.53253773014007776965	136.62994143799221546942	1
2600	36.53253975268109599028	136.62995215803258020060	1
2700	36.53254058346989552319	136.62995788188092660675	1
2800	36.53254050898538451975	136.62996307860814226842	1
2900	36.53254018812901904312	136.62996271764473021904	1
3000	36.53254007926703650355	136.62996195561086665293	1
3100	36.53254007926703650355	136.62996099304177732847	1
3200	36.53254056628116330785	136.62995981274872292488	1
3300	36.53254112777980822102	136.62995862099649002630	1
3400	36.53254189554325392919	136.62995784750347638692	1
3500	36.53254264611796031659	136.62995750372877523660	1
3600	36.53254325918280187580	136.62995775010062970978	1
3700	36.53254345971802763415	136.62995841473170344216	1
3800	36.53254378057440021621	136.62995953199938981015	1
3900	36.53254410716033362405	136.62996111336289573046	1
4000	36.53254478898011825549	136.62996719817468260771	1
4100	36.53254701205636223449	136.62998283419292988583	1
4200	36.53254778554938297930	136.63000453783419629872	1
4300	36.53254136269249841007	136.63002526171766248808	1
4400	36.53252425990231699870	136.63004474228267781655	1
4500	36.53249167006293163240	136.63005866515712227738	1
4600	36.53245003321995199030	136.63007032484824776475	1
4700	36.53240176725529408941	136.63008479776215153834	1
4800	36.53234656277172831551	136.63009995822540076915	1
4900	36.53228766271039518188	136.63011440822100439618	1
5000	36.53223372446355909915	136.63012653200794943587	1
5100	36.53219194438113248680	136.63013559047067246865	1
5200	36.53216826403546235724	136.63014091324859577981	1
5300	36.53216174950533456922	136.63014220813320775960	1
5400	36.53216315898151123065	136.63014156642049101720	1
5500	36.53216515860422219930	136.63014059812181244524	1
5600	36.53216693477337884133	136.63013954387946569113	1
5700	36.53216863072845654870	136.63013845525964029548	1
5800	36.53216952454261701178	136.63013778489903415903	1
5900	36.53216832133124825077	136.63013756717506907989	1
6000	36.53216538205776231507	136.63013783646525212134	1
6100	36.53216036294746515978	136.63013839796386150738	1
6200	36.53214851990984612939	136.63014009964851425138	1
6300	36.53212837471377127940	136.63013649574401142672	1
6400	36.53210463134274021968	136.63011524473938607116	1
6500	36.53209206064871494846	136.63007761287138919215	1
6600	36.53208870884561321191	136.63003259557743263031	1
6700	36.53208928753298323500	136.62998154503787873182	1
6800	36.53209070846831707513	136.62992373932593181962	1
6900	36.53209144185429124718	136.62985931022186036898	1
7000	36.53209165957825632631	136.62979398730365687697	1
7100	36.53209286278962508732	136.62972691686414350443	1
7200	36.53209506867713685097	136.62965417414247326633	1
7300	36.53210008778741979540	136.62957612010205821207	1
7400	36.53210393233423047832	136.62949567682761653487	1
7500	36.53210779979934841322	136.62941448870805061233	1
7600	36.53210957596850505524	136.62933319745604876516	1
7700	36.53210774823314466175	136.62925910828357700666	1
7800	36.53210146861571416821	136.62919067993411204043	1
7900	36.53210380055394068677	136.62913524626742400869	1
8000	36.53210639032317175179	136.62910059377998095442	1
8100	36.53210679139362326850	136.62908882522685871663	1
8200	36.53210690598518084471	136.62908904295082379576	1
8300	36.53210602935975970240	136.62909058420731867045	1
8400	36.53210495219910569631	136.62909138061863245639	1
8500	36.53210393806380551496	136.62909175877078382655	1
8600	36.53210369742153318384	136.62909163844963700285	1
8700	36.53210351407503964083	136.62909120300170684459	1
8800	36.53210332499896395575	136.62909056701855092797	1
8900	36.53210328489191738299	136.62908993103539501135	1
9000	36.53210334791727120773	136.62908916327194219775	1
9100	36.53210313592289537610	136.62908838404936773259	1
9200	36.53210308435669162463	136.62908724386335279632	1
9300	36.53210341667221427997	136.62908599481536953135	1
9400	36.53210358855955064428	136.62908475722650791795	1
9500	36.53210406984410241193	136.62908377173911844693	1
9600	36.53210486625543040873	136.62908284927706858980	1
9700	36.53210590330903784206	136.62908217891643403163	1
9800	36.53210696328096673824	136.62908192681501873267	1
9900	36.53210803471204570769	136.62908161741779622389	1
10000	36.53210920354594293258	136.62908123926564485373	1
10100	36.53211039529816162030	136.62908105018956916865	1
10200	36.53211167872361642139	136.62908118196986606563	1
10300	36.53211293923077107593	136.62908121061778388139	1
10400	36.53211429714074398589	136.62908171482064290103	1
10500	36.53211597017750023042	136.62908248831365654041	1
10600	36.53211777499456047735	136.62908354255597487281	1
10700	36.53211998088207224100	136.62908146271919918036	1
10800	36.53212219249915904129	136.62906427971492462348	1
10900	36.53212451870781052321	136.62902551912006288148	1
11000	36.53212674751362953884	136.62897484100309952737	1
11100	36.53212938311948931869	136.62891730458130723491	1
11200	36.53213165776193704914	136.62886021506659517399	1
11300	36.53213479184107370656	136.62879671988375207548	1
11400	36.53213867649492385681	136.62872379381556697808	1
11500	36.53214361539112076116	136.62864435321728251438	1
11600	36.53214924756624526481	136.62855943514247769599	1
11700	36.53215408333003466623	136.62846902240238478043	1
11800	36.53215689082323081038	136.62837517764515382623	1
11900	36.53215658715559754910	136.62828104640897208810	1
12000	36.53215451304838268243	136.62818744802356718537	1
12100	36.53215466201741179475	136.62809147186331415469	1
12200	36.53215801955008856794	136.62798869469401097376	1
12300	36.53216095309399946700	136.62788373455552459745	1
12400	36.53216521017041884534	136.62777510748713893918	1
12500	36.53216888282988605852	136.62766488759609728731	1
12600	36.53217172470055373878	136.62755285142884531524	1
12700	36.53217419414864508553	136.62743760096833511852	1
12800	36.53217764908414721958	136.62732155982610038336	1
12900	36.53218026177169264201	136.62720383991751305075	1
13000	36.53218215826199610774	136.62708848059503452532	1
13100	36.53218406048188171553	136.62697100705830166589	1
13200	36.53218660441448406573	136.62685486278365942781	1
13300	36.53218932023443699109	136.62673933157384453807	1
13400	36.53219336531646632693	136.62662950129410432965	1
13500	36.53219755936753188053	136.62652409997809854758	1
13600	36.53220195395382319248	136.62642402144001607667	1
13700	36.53220417703006717147	136.62632430959493490263	1
13800	36.53220579850062676996	136.62622314816664470527	1
13900	36.53220775801628406043	136.62612085801146122321	1
14000	36.53221090355457789656	136.62601391543898898817	1
14100	36.53221371677734907735	136.62590987203299164321	1
14200	36.53221719463117267424	136.62580135955616356114	1
14300	36.53221895934117213756	136.62568789099441346480	1
14400	36.53221956094686362349	136.62557006795341862926	1
14500	36.53222172099774667231	136.62545456539152155528	1
14600	36.53222484361773325645	136.62533733249705392154	1
14700	36.53222700366862341070	136.62521975009832431169	1
14800	36.53222905485752391996	136.62510490643788330090	1
14900	36.53223089405204859759	136.62499163841135896291	1
15000	36.53223330620436826166	136.62487403882391845400	1
15100	36.53223515112846797592	136.62475934413248523924	1
15200	36.53223477297632371119	136.62464570368337035688	1
15300	36.53222871681242622799	136.62453267629913966630	1
15400	36.53221781915516430672	136.62442334449266923002	1
15500	36.53220542034848250523	136.62431117654512036097	1
15600	36.53219140007123399982	136.62420041234418022214	1
15700	36.53217642295447120659	136.62409118939967811457	1
15800	36.53216047180944769934	136.62398381710886496876	1
15900	36.53214519102505875026	136.62387650211385903276	1
16000	36.53213319328882846548	136.62377523755313291076	1
16100	36.53212555003183581448	136.62367270675568420302	1
16200	36.53211986056093252273	136.62357203234151370452	1
16300	36.53211511647038634010	136.62346916922854234144	1
16400	36.53211332884206541394	136.62336949176093980896	1
16500	36.53211327154629373126	136.62326737922268193870	1
16600	36.53211375856041343013	136.62316286026168654644	1
16700	36.53211541440844456474	136.62305389514821740704	1
16800	36.53211739684241621262	136.62294166990488974989	1
16900	36.53212208363717650172	136.62282876284177746129	1
17000	36.53212589380651564852	136.62271898985781604097	1
17100	36.53212986440403398092	136.62260715422578982725	1
17200	36.53213263751976569438	136.62249850423910402242	1
17300	36.53213545647211191181	136.62238849061284895470	1
17400	36.53213799467514633079	136.62228267103765233514	1
17500	36.53214034380210506470	136.62217626131595693550	1
17600	36.53214255541919897041	136.62207491654115187885	1
17700	36.53214478995460012811	136.62199128762136979276	1
17800	36.53214641715473476324	136.62193233026422944931	1
17900	36.53214761463652848761	136.62189968885866164783	1
18000	36.53214792403373678553	136.62188174955011277234	1
18100	36.53214819905348065276	136.62185246567716490063	1
18200	36.53215087476637989994	136.62180748276068698033	1
18300	36.53215407760045962959	136.62174535694694554877	1
18400	36.53215728043453225382	136.62167290643375849868	1
18500	36.53215798517262413725	136.62159775728935073857	1
18600	36.53215675904294101883	136.62151753173890256221	1
18700	36.53215569907101922809	136.62143475652621305017	1
18800	36.53215545269916475490	136.62135433617009994123	1
18900	36.53215581366257680429	136.62127557166198243976	1
19000	36.53215743513313640278	136.62119511119882986350	1
19100	36.53215588241751277110	136.62110859457175138232	1
19200	36.53215146491290710173	136.62101868030498508233	1
19300	36.53214772349851102717	136.62092378703493977810	1
19400	36.53214676665898963392	136.62083168979896186102	1
19500	36.53215235299749252817	136.62074070410110948615	1
19600	36.53216140000107969854	136.62065179824003280373	1
19700	36.53217234922454537127	136.62056260017050135502	1
19800	36.53218338439167922616	136.62047549912645649783	1
19900	36.53219465447151037552	136.62039156080948032468	1
20000	36.53220444632022889664	136.62031510532128208979	1
20100	36.53221131608419369741	136.62025529998663841980	1
20200	36.53221501166196816257	136.62021659095799464012	1
20300	36.53221607736347209539	136.62019503628573602327	1
20400	36.53221596850148955582	136.62018407560313448812	1
20500	36.53221472518306711663	136.62018306719738802713	1
20600	36.53221337300267634873	136.62018484909614812750	1
20700	36.53221218698003980307	136.62018645337798261608	1
20800	36.53221114419685022767	136.62018782274711270475	1
20900	36.53221027903057915864	136.62018900304016710834	1
21000	36.53220948834882619849	136.62019013176703197132	1
21100	36.53220902425301375160	136.62019109433612129578	1
21200	36.53220959148122659599	136.62018660807657965961	1
21300	36.53221238751526556143	136.62016092810821987769	1
21400	36.53221584245076769548	136.62012856172233910002	1
21500	36.53221987607365406348	136.62010152957358855019	1
21600	36.53222188142593296334	136.62008894742038478398	1
21700	36.53222282680629717788	136.62008259331847170870	1
21800	36.53222207050200154299	136.62008179117754025356	1
21900	36.53222201320622986032	136.62008245007899631673	1
22000	36.53222211633863025781	136.62008265061425049680	1
22100	36.53222226530765226471	136.62008266207340057008	1
22200	36.53222248876119238048	136.62008273082832943146	1
22300	36.53222247730204230720	136.62008272509874018397	1
22400	36.53222276951051838978	136.62008250164518585734	1
22500	36.53222317058096990650	136.62008206619728412079	1
22600	36.53222329090210962477	136.62008165939724335658	1
22700	36.53222364613594663751	136.62008116092394516272	1
22800	36.53222408158386969035	136.62008047910418895299	1
22900	36.53222688334748369243	136.62006826364398648366	1
23000	36.53223101437318831586	136.62004105387831032203	1
23100	36.53223061330272969371	136.62001141477156807014	1
23200	36.53221956667643866012	136.61998261218320749322	1
23300	36.53219498678703303085	136.61995558576398934747	1
23400	36.53215930297555047446	136.61994310674322150589	1
23500	36.53211387888155314840	136.61993688442154848417	1
23600	36.53206015835868214481	136.61992883436454349066	1
23700	36.53199963682677520183	136.61992025718635090925	1
23800	36.53193513896778199523	136.61991080911229801131	1
23900	36.53187077288907858019	136.61989999739870427220	1
24000	36.53180671620758346307	136.61988770745401211570	1
24100	36.53173936501876539751	136.61987315432600098575	1
24200	36.53167449473720296282	136.61985843504027116069	1
24300	36.53161213974036058971	136.61984413401370375141	1
24400	36.53156298569111015695	136.61983320770855243609	1
24500	36.53153061930526490642	136.61982484252473568631	1
24600	36.53151378007566307815	136.61982035626519405014	1
24700	36.53151113874022826167	136.61981900408480328224	1
24800	36.53151362537705892919	136.61981899262565320896	1
24900	36.53151579115752412008	136.61981912440595010594	1
25000	36.53151750430133404279	136.61981910721718236346	1
25100	36.53151891377751070422	136.61981890668195660510	1
25200	36.53151989353533934946	136.61981855717772305070	1
25300	36.53152064411005284228	136.61981817902557168054	1
25400	36.53152118269037629261	136.61981777222553091633	1
25500	36.53152179002564281518	136.61981659193247651274	1
25600	36.53152188169889313940	136.61981636847892218611	1
25700	36.53152183013268228251	136.61981619086202499602	1
25800	36.53152154365378834200	136.61981588719439173474	1
25900	36.53152123998615508071	136.61981574395494476448	1
26000	36.53152103945092932236	136.61981569238875522387	1
26100	36.53152078161992477590	136.61981570384790529715	1
26200	36.53152056962554183883	136.61981572676620544371	1
26300	36.53152028887621582953	136.61981577260283415853	1
26400	36.53152008834099007117	136.61981571530705537043	1
26500	36.53151979613251398860	136.61981580698031280008	1
26600	36.53151955549024165748	136.61981576687324491104	1
26700	36.53151930338880504223	136.61981577833239498432	1
26800	36.53151903982822545913	136.61981577833239498432	1
26900	36.53151885648172481069	136.61981576687324491104	1
27000	36.53151874761974937655	136.61981576114368408525	1
27100	36.53151869605354562509	136.61981554914930825362	1
27200	36.53151858146198804889	136.61981526267038589140	1
27300	36.53151847832958765139	136.61981488451823452124	1
27400	36.53151837519718014846	136.61981456939145118668	1
27500	36.53151814601406499605	136.61981421988721763228	1
27600	36.53151788818306044959	136.61981388757169497694	1
27700	36.53151765899993819176	136.61981362974069043048	1
27800	36.53151769910698476451	136.61981345212376481868	1
27900	36.53151781369854234072	136.61981350941954360678	1
28000	36.53151801423377520450	136.61981378443928747402	1
28100	36.53151820330984378415	136.61981426572384634710	1
28200	36.53151836373802296976	136.61981476992667694503	1
28300	36.53151848405916268803	136.61981519391545703002	1
28400	36.53151847260000550932	136.61981550331267953879	1
28500	36.53151840957464457915	136.61981592730143120207	1
28600	36.53151832936055853907	136.61981631691276106721	1
28700	36.53151836373802296976	136.61981675809025205126	1
28800	36.53151836373802296976	136.61981711905363567894	1
28900	36.53151822622815814157	136.61981757169030515797	1
29000	36.53151811163660056536	136.61981805297486403106	1
29100	36.53151812309575063864	136.61981862593265191208	1
29200	36.53151814601406499605	136.61981913586510017922	1
29300	36.53151807152954688718	136.61981947391018366034	1
29400	36.53151799131546084709	136.61981980049614548989	1
29500	36.53151797412672863175	136.61982020729615783239	1
29600	36.53151796839714648968	136.61982062555534866988	1
29700	36.53151786526474609218	136.61982096360046057271	1
29800	36.53151782515769951942	136.61982140477795155675	1
29900	36.53151778505065294667	136.61982187460336035656	1
30000	36.53151775067318851598	136.61982233869917990887	1
30100	36.53151776786192073132	136.61982275695834232465	1
30200	36.53151784807600677141	136.61982318094712240963	1
30300	36.53151795693798931097	136.61982363931335271445	1
30400	36.53151799704503588373	136.61982422945987991625	1
30500	36.53151799131546084709	136.61982461334162053390	1
30600	36.53151801996335024114	136.61982521494729780898	1
30700	36.53151781369854234072	136.61982572487974607611	1
30800	36.53150895004144871336	136.61982394298098597574	1
30900	36.53148351644492919377	136.61981811027064281916	1
31000	36.53144420581060103359	136.61980800902472310554	1
31100	36.53139903954761535942	136.61979547843773730165	1
31200	36.53135299665919433210	136.61977974501667176810	1
31300	36.53131067226686923277	136.61975532555544532443	1
31400	36.53127899915995868696	136.61971793432974209281	1
31500	36.53126014311891367470	136.61966695254511705571	1
31600	36.53125866488780815189	136.61960372665245699864	1
31700	36.53127170540722090664	136.61953137354205978227	1
31800	36.53128629864226439850	136.61945199596911493245	1
31900	36.53129961991100316254	136.61936879103811293135	1
32000	36.53131235676278976143	136.61928523660284895413	1
32100	36.53132582127097549574	136.61919453738389051978	1
32200	36.53134148593709085162	136.61909652149387284226	1
32300	36.53135737405675342870	136.61899168167650486794	1
32400	36.53137262046367794710	136.61888681894083674706	1
32500	36.53138931072425066304	136.61877604901033578244	1
32600	36.53140597233693398493	136.61866861369418302274	1
32700	36.53142204380309010503	136.61855897822005090347	1
32800	36.53143766263258385152	136.61845220180535420695	1
32900	36.53145270277470046949	136.61834671454570866445	1
33000	36.53146578340116690242	136.61824677924707316379	1
33100	36.53148119023627771185	136.61814985197685246021	1
33200	36.53149620746008707783	136.61805405343352504133	1
33300	36.53150998709506325213	136.61795559063642713227	1
33400	36.53152317658350511920	136.61785318588971449572	1
33500	36.53153712237624262116	136.61774749236522552565	1
33600	36.53155112546475180579	136.61764315675074499268	1
33700	36.53156524887440070870	136.61753951441519916443	1
33800	36.53157858160229665145	136.61743533922887650078	1
33900	36.53159382227964613321	136.61732866594658730719	1
34000	36.53161165845580882205	136.61722186661356204240	1
34100	36.53162992435031952709	136.61711579493695012388	1
34200	36.53164721621656951811	136.61701113846609700886	1
34300	36.53166641030271222235	136.61690267182589764161	1
34400	36.53168587940859168839	136.61679550007031025416	1
34500	36.53170620795116008139	136.61668618545257913865	1
34600	36.53172618125989856708	136.61657863554484038104	1
34700	36.53174537534603416589	136.61647187058932217951	1
34800	36.53176358967434111946	136.61636741465369482285	1
34900	36.53178091018848760996	136.61626313060540383049	1
35000	36.53179805308571559408	136.61616047375721905155	1
35100	36.53181500690688210398	136.61606030354593599441	1
35200	36.53182994964617336109	136.61596322157711824730	1
35300	36.53184489811504676027	136.61586579583362777157	1
35400	36.53185962885996218574	136.61577047857483080406	1
35500	36.53187322514843771160	136.61567668538376096876	1
35600	36.53188347536340074839	136.61559071306660939626	1
35700	36.53189173168522785318	136.61551939700984803494	1
35800	36.53189614918982641711	136.61547155503393469189	1
35900	36.53189806286886209818	136.61544564015289893177	1
36000	36.53189621221518024186	136.61543646709858990107	1
36100	36.53189403497556497769	136.61543375700821911778	1
36200	36.53189288905996789936	136.61543456487868297700	1
36300	36.53189210410778997584	136.61543663325633701788	1
36400	36.53189149104294841663	136.61543835785931833016	1
36500	36.53189098111051436035	136.61543982463126667426	1
36600	36.53189076911612431786	136.61544162944832692119	1
36700	36.53189023053580086753	136.61544240294134056057	1
36800	36.53188978935829567263	136.61544290141463875443	1
36900	36.53188923358923290152	136.61544321654142208899	1
37000	36.53188868927932730912	136.61544327956676170288	1
37100	36.53188825383141136172	136.61544321081183284150	1
37200	36.53188781265390616682	136.61544316497520412668	1
37300	36.53188769806234859061	136.61544290141463875443	1
37400	36.53188805902576064000	136.61544252899204821006	1
37500	36.53188898721738553377	136.61544176695818464395	1
37600	36.53188996124563914236	136.61543922875515022497	1
37700	36.53188850593284087154	136.61542417142430849708	1
37800	36.53188913618640754066	136.61539331764703320005	1
37900	36.53189343909944852840	136.61535131411105226107	1
38000	36.53189993071127616986	136.61530049275464193670	1
38100	36.53190710987244216312	136.61524085357774538352	1
38200	36.53191464999702731120	136.61517813761747675017	1
38300	36.53192212709625152911	136.61511413250221380622	1
38400	36.53192944376729656142	136.61504615678938989731	1
38500	36.53193748809474072914	136.61497015966745038895	1
38600	36.53194503394890091386	136.61489158996499782006	1
38700	36.53195361112709349527	136.61480697555779784125	1
38800	36.53196145491931190463	136.61472467590010637650	1
38900	36.53196900650305423142	136.61464071466480163508	1
39000	36.53197438084716708318	136.61455512049977301103	1
39100	36.53197764097702560093	136.61446862679105151983	1
39200	36.53198040263359303026	136.61437890732992173071	1
39300	36.53198541028473300685	136.61428158471883875791	1
39400	36.53199114559225790799	136.61418183849627894233	1
39500	36.53199862842105716254	136.61407785238603196376	1
39600	36.53200577320476583054	136.61397159163334436016	1
39700	36.53201162310385541332	136.61386199626628012993	1
39800	36.53201691723388222499	136.61375069348500232991	1
39900	36.53202174153851444771	136.61363495028081160854	1
40000	36.53202715598968097765	136.61352079989930530246	1
40100	36.53203275951691608725	136.61340724539388702397	1
40200	36.53203867244136660020	136.61329561029708656861	1
40300	36.53204775955199323789	136.61318373455799246585	1
40400	36.53205829051626807313	136.61307587525305962117	1
40500	36.53207036846659150342	136.61296939677640693844	1
40600	36.53208289332398805982	136.61286528461545231039	1
40700	36.53209677609136463161	136.61275967703465994418	1
40800	36.53211146099965134226	136.61265604042867494172	1
40900	36.53212751527707524701	136.61255149281981857712	1
41000	36.53214433158836271787	136.61245089861969859157	1
41100	36.53216219068283976412	136.61235204621129923908	1
41200	36.53217766627288654036	136.61225415637201763275	1
41300	36.53219303873052581366	136.61215462787342289630	1
41400	36.53220717932891403734	136.61205514521145687468	1
41500	36.53222144024843487387	136.61195349103942930924	1
41600	36.53223658352295899476	136.61185126390964228449	1
41700	36.53224952663954638865	136.61174816015440569572	1
41800	36.53226090558136007758	136.61164684975705085890	1
41900	36.53227263975700367382	136.61154722385563786702	1
42000	36.53228831015270117177	136.61144489932303258684	1
42100	36.53230493165833792091	136.61134201902132190298	1
42200	36.53231984574974688940	136.61123784383502766104	1
42300	36.53233468535664485444	136.61113321601203551836	1
42400	36.53235381068784448644	136.61102772302280072836	1
42500	36.53237112547240883487	136.61092608603954090540	1
42600	36.53238669846528097196	136.61082712476914480249	1
42700	36.53239384324898963996	136.61072952713834638416	1
42800	36.53239461101243534813	136.61063619804306767946	1
42900	36.53239151131076312140	136.61055136591193104323	1
43000	36.53238907051055406328	136.61048375116251918371	1
43100	36.53238789021749255426	136.61043739314732192724	1
43200	36.53238848609360189812	136.61040887703788371255	1
43300	36.53239030809939436040	136.61038771770648736492	1
43400	36.53239313851089775653	136.61037465999834239483	1
43500	36.53239675960416121825	136.61036864394148437896	1
43600	36.53240050674814654030	136.61036518900598935033	1
43700	36.53240428826959629305	136.61036305760299569556	1
43800	36.53240784060792378796	136.61036253621139735515	1
43900	36.53241079707014193900	136.61036095484789143484	1
44000	36.53241288836609612645	136.61035307094860513644	1
44100	36.53241449837750565166	136.61033463316678648880	1
44200	36.53241526041136921776	136.61030859223498623578	1
44300	36.53241574169592098542	136.61028349668353598645	1
44400	36.53241395979717509590	136.61025548477695679139	1
44500	36.53240523364995340216	136.61022466537716013590	1
44600	36.53238889862321059354	136.61019870465946723925	1
44700	36.53236135654199756573	136.61017939025217060589	1
44800	36.53232123230760919341	136.61017706977310126604	1
44900	36.53227140789774551877	136.61018216909749867227	1
45000	36.53221029048974344278	136.61018819088391751393	1
45100	36.53213690605533514599	136.61019503772956795729	1
45200	36.53205811289935667219	136.61020077876668210592	1
45300	36.53198131363649281411	136.61020488687404395023	1
45400	36.53190305906083779064	136.61020698389958738517	1
45500	36.53182507377533738691	136.61020656564039654768	1
45600	36.53174867558293925640	136.61020337999508456051	1
45700	36.53167627663594174692	136.61019820045660821961	1
45800	36.53160692582441981813	136.61019208126734270081	1
45900	36.53153897875949240870	136.61018536047242832865	1
46000	36.53147305996516536197	136.61017827298448423790	1
46100	36.53141122063033918721	136.61017158656702008557	1
46200	36.53136248484028669736	136.61016751283708003939	1
46300	36.53132980905722604348	136.61016443605370795922	1
46400	36.53131347403049034028	136.61016280312401249830	1
46500	36.53130677042428686718	136.61016198952393096988	1
46600	36.53130220395065919092	136.61016131343373558593	1
46700	36.53128997130173161167	136.61015938256596768952	1
46800	36.53126252662334394472	136.61015493068390469489	1
46900	36.53122123928462627873	136.61014781454809963179	1
47000	36.53117282435093926551	136.61013915142623886823	1
47100	36.53112372759747472628	136.61013131336358128465	1
47200	36.53107711175126581793	136.61012493634333964110	1
47300	36.53103556085196146341	136.61012565827013531816	1
47400	36.53100497063527996033	136.61013914569664962073	1
47500	36.53098624064495680841	136.61016248226766833795	1
47600	36.53097533725811274508	136.61019319853502906881	1
47700	36.53097092548308921778	136.61022985064519730258	1
47800	36.53096643349397965039	136.61027063951061677471	1
47900	36.53095774172422949277	136.61031341081005052729	1
48000	36.53094109730027838623	136.61034775962986032027	1
48100	36.53091984056607799403	136.61036496555243502371	1
48200	36.53089963807421725051	136.61036732613854383089	1
48300	36.53088700435483815454	136.61036223827335334136	1
48400	36.53087742450050257048	136.61036000946751300944	1
48500	36.53087064068020595187	136.61035831924201033871	1
48600	36.53086817123211460512	136.61035701289824828564	1
48700	36.53086872700117027080	136.61035643421087115712	1
48800	36.53086846344059068770	136.61035544872345326439	1
48900	36.53086786756448134383	136.61035412519098031225	1
49000	36.53086728887710421532	136.61035286468381855229	1
49100	36.53086679613340237438	136.61035181044147179819	1
49200	36.53086634349674710620	136.61035076192871429157	1
49300	36.53086576480936997768	136.61035036085826277485	1
49400	36.53086528352482531545	136.61034962174267093360	1
49500	36.53086472202618750771	136.61034876803557835956	1
49600	36.53086413187966030591	136.61034779400733896182	1
49700	36.53086365059510853825	136.61034671111710281366	1
49800	36.53086308909647073051	136.61034556520149862990	1
49900	36.53086237862880381044	136.61034467138733816682	1
50000	36.53086169107945124779	136.61034383486895649185	1
50100	36.53086096915262714901	136.61034250560686587050	1
50200	36.53086013836382761610	136.61034102737576745312	1
50300	36.53085937632995694457	136.61033958352211925558	1
50400	36.53085859710735405770	136.61033818550509977285	1
50500	36.53085754286500730359	136.61033813966849947974	1
50600	36.53085666051000401922	136.61033674165145157531	1
50700	36.53085576096626851950	136.61033532071613194603	1
50800	36.53085475829012551685	136.61033396853571275642	1
50900	36.53085387020554009041	136.61033234133560654300	1
51000	36.53085293055476512336	136.61033104645099456320	1
51100	36.53085205392933687563	136.61032963124520733800	1
51200	36.53085146951238471047	136.61032779778028611872	1
51300	36.53085083352922879385	136.61032615912097298860	1
51400	36.53085014597987623119	136.61032458921661714157	1
51500	36.53084938394601266509	136.61032350632640941512	1
51600	36.53084865056003138761	136.61032250365025220162	1
51700	36.53084787706700353738	136.61032183328961764346	1
51800	36.53084718951765097472	136.61032102541915378424	1
51900	36.53084662801901316698	136.61032012014584324788	1
52000	36.53084595192881778303	136.61031956437676626592	1
52100	36.53084541334848722727	136.61031903152601785223	1
52200	36.53084469142167023392	136.61031869348090594940	1
52300	36.53084421013711846626	136.61031834397667239500	1
52400	36.53084388355117795300	136.61031802312029981294	1
52500	36.53084359707227690706	136.61031789134000291597	1
52600	36.53084320746097546362	136.61031770799351647838	1
52700	36.53084246834542625493	136.61031806895690010606	1
52800	36.53084194122425287787	136.61031852732315883259	1
52900	36.53084139691434728547	136.61031906017390724628	1
53000	36.53084074374245915351	136.61031984512607095894	1
53100	36.53084007911141384284	136.61032068737404188141	1
53200	36.53083952334235107173	136.61032149524453416234	1
53300	36.53083892746624883330	136.61032228592628712249	1
53400	36.53083834877887881021	136.61032304223056144110	1
53500	36.53083762112247256937	136.61032394177431115168	1
53600	36.53083684189986968249	136.61032512779695480276	1
53700	36.53083605694769175898	136.61032625079423041825	1
53800	36.53083523188847436813	136.61032720763375891693	1
53900	36.53083432661515672635	136.61032808425918005923	1
54000	36.53083330675027440293	136.61032884056345437784	1
54100	36.53083237282907447252	136.61032970572975386858	1
54200	36.53083113524023417540	136.61033066829884319304	1
54300	36.53082975441194690802	136.61033175118907934120	1
54400	36.53082860849635693512	136.61033254760039312714	1
54500	36.53082734225963434938	136.61033349871033237832	1
54600	36.53082604164543312208	136.61033432949915322752	1
54700	36.53082474676081403686	136.61033495402313064915	1
54800	36.53082333728464448086	136.61033577335280142506	1
54900	36.53082199083382874960	136.61033665570778339315	1
55000	36.53082070167878470102	136.61033732606841795132	1
55100	36.53081934376881179105	136.61033805372480287588	1
55200	36.53081797439967459695	136.61033868397836954500	1
55300	36.53081678837704515672	136.61033923401788570118	1
55400	36.53081563100229800511	136.61033993302638123168	1
55500	36.53081475437686975738	136.61034064349405525718	1
55600	36.53081387775144861507	136.61034117634477524916	1
55700	36.53081309279927069156	136.61034177222089169845	1
55800	36.53081241670906820218	136.61034254571393375954	1
55900	36.53081170624140128211	136.61034366298162012754	1
56000	36.53081117912022790506	136.61034464273944877277	1
56100	36.53081080669766578239	136.61034580011420302981	1
56200	36.53081050303003252111	136.61034692884103947108	1
56300	36.53081026238776018999	136.61034800600171479346	1
56400	36.53080998736801632276	136.61034911181025108817	1
56500	36.53080971234827245553	136.61035071609205715504	1
56600	36.53080952900177891252	136.61035262404152490490	1
56700	36.53080935711444254821	136.61035487576566538337	1
56800	36.53080926544119222399	136.61035700143909821236	1
56900	36.53080907636511653891	136.61035902398009511671	1
57000	36.53080913939047746908	136.61036092047041279329	1
57100	36.53080919668625625718	136.61036277112410175505	1
57200	36.53080927117077436606	136.61036490252706698811	1
57300	36.53080936284401758485	136.61036737770476179321	1
57400	36.53080933992571033286	136.61037000758102522013	1
57500	36.53080957483840762734	136.61037294112495033005	1
57600	36.53080974099616184958	136.61037584029139679842	1
57700	36.53080994726096975000	136.61037884259025076972	1
57800	36.53081018790324208112	136.61038171310880784404	1
57900	36.53081058324412566662	136.61038428568929248286	1
58000	36.53081092701879839524	136.61038674367821954547	1
58100	36.53081132808925701738	136.61038915010098548919	1
58200	36.53081179791465160633	136.61039162527865187258	1
58300	36.53081242243865034425	136.61039418067042561233	1
58400	36.53081312144716008561	136.61039656990442381357	1
58500	36.53081375170072675473	136.61039865547081717523	1
58600	36.53081432465852884661	136.61040084989915044389	1
58700	36.53081522420226434633	136.61040341102048500943	1
58800	36.53081561381356578977	136.61040508405724835939	1
58900	36.53081602634317448519	136.61040661385456473909	1
59000	36.53081635292912210389	136.61040783998424785750	1
59100	36.53081653054603350483	136.61040889995618385910	1
59200	36.53081658784181939836	136.61040920362381712039	1
59300	36.53081668524464475922	136.61041030370276416761	1
59400	36.53081671389253415327	136.61041126627188191378	1
59500	36.53081663367844100776	136.61041198819867759084	1
59600	36.53081647897983685880	136.61041258980438328763	1
59700	36.53081626698545392173	136.61041305390020283994	1
59800	36.53081602634317448519	136.61041335183824685373	1
59900	36.53081570548680900856	136.61041354091432253881	1
60000	36.53081532160508970719	136.61041363831714079424	1
60100	36.53081492626421322711	136.61041365550585169331	1
60200	36.53081441060218992334	136.61041371280165890312	1
60300	36.53081390639933800912	136.61041362685799072096	1
60400	36.53081337354858249000	136.61041347215939367743	1
60500	36.53081272037670146346	136.61041326589457867158	1
60600	36.53081198126114514935	136.61041301379313495090	1
60700	36.53081126506389608721	136.61041268720720154306	1
60800	36.53081045719341091171	136.61041252677901525203	1
60900	36.53080966078207580949	136.61041227467759995307	1
61000	36.53080882999326917115	136.61041210279023516705	1
61100	36.53080798774531245954	136.61041188506629850963	1
61200	36.53080704809452328163	136.61041150118458631368	1
61300	36.53080599385218363295	136.61041118605777455741	1
61400	36.53080487658448305410	136.61041071050280493182	1
61500	36.53080376504636461732	136.61041045840136121114	1
61600	36.53080267642655343252	136.61041039537602159726	1
61700	36.53080193158141497634	136.61041037818728227649	1
61800	36.53080121538417301963	136.61041039537602159726	1
61900	36.53080020697845498034	136.61041067612535471198	1
62000	36.53079943921500927217	136.61041130637892138111	1
62100	36.53079873447691738875	136.61041175901559086014	1
62200	36.53079808130502925678	136.61041233197337874117	1
62300	36.53079750834723427033	136.61041301952272419840	1
62400	36.53079700414438235612	136.61041377582699851700	1
62500	36.53079660307392373397	136.61041454359045133060	1
62600	36.53079627648797611528	136.61041548897082975600	1
62700	36.53079596709076781735	136.61041655467232658339	1
62800	36.53079562904567012538	136.61041771204708084042	1
62900	36.53079520505690425125	136.61041879493731698858	1
63000	36.53079488993011381126	136.61041986636837464175	1
63100	36.53079472950192752023	136.61042071434590639001	1
63200	36.53079452323711961981	136.61042163680795624714	1
63300	36.53079431697231882481	136.61042240457140906074	1
63400	36.53079408205962863576	136.61042320098275126838	1
63500	36.53079383568776705715	136.61042399739406505432	1
63600	36.53079359504549472604	136.61042478807584643619	1
63700	36.53079332575533300087	136.61042576783367508142	1
63800	36.53079296479192095148	136.61042694239714023752	1
63900	36.53079267258345197433	136.61042812269022306282	1
64000	36.53079245485948689520	136.61042921703958086255	1
64100	36.53079224286510395814	136.61043044889885322846	1
64200	36.53079219702848234874	136.61043137136090308559	1
64300	36.53079219129890020668	136.61043239122579961986	1
64400	36.53079219129890020668	136.61043376059490128682	1
64500	36.53079229443130060417	136.61043448252172538560	1
64600	36.53079241475244032245	136.61043516434151001704	1
64700	36.53079262674682325951	136.61043573729929789806	1
64800	36.53079288457783491140	136.61043629306837488002	1
64900	36.53079314813841449450	136.61043688894446290760	1
65000	36.53079348045393714983	136.61043741033606124802	1
65100	36.53079376120326315913	136.61043786870229155284	1
65200	36.53079408778920367240	136.61043811507414602602	1
65300	36.53079443156388350644	136.61043842447136853480	1
65400	36.53079484982306723850	136.61043861927700504566	1
65500	36.53079533683719404280	136.61043869376152315454	1
65600	36.53079569780060609219	136.61043898597000634254	1
65700	36.53079608168233249899	136.61043923234186081572	1
65800	36.53079648275278401570	136.61043918650523210090	1
65900	36.53079683798661392302	136.61043922088268232073	1
66000	36.53079703852184678681	136.61043936412215771270	1
66100	36.53079730781201561740	136.61043947298412604141	1
66200	36.53079750261765923369	136.61043950736160468296	1
66300	36.53079770315288499205	136.61043956465738347106	1
66400	36.53079766877542056136	136.61043971362639126710	1
66500	36.53079754845428794852	136.61043984540668816408	1
66600	36.53079749688808419705	136.61043966206017330478	1
66700	36.53079745678103762430	136.61043950736160468296	1
66800	36.53079745105146258766	136.61043935266297921771	1
66900	36.53079738802610165749	136.61043924953060013650	1
67000	36.53079728489369415456	136.61043885418970944556	1
67100	36.53079723332749750853	136.61043807496710655869	1
67200	36.53079717603171872042	136.61043717542335684811	1
67300	36.53079721040919025654	136.61043594356411290391	1
67400	36.53079735364863722680	136.61043481483724804093	1
67500	36.53079754845428794852	136.61043363454419363734	1
67600	36.53079769169373491877	136.61043248289902862780	1
67700	36.53079786358107128308	136.61043159481442899050	1
67800	36.53079802973883261075	136.61043089007634421250	1
67900	36.53079803546840764739	136.61043030565940625820	1
68000	36.53079811568250079290	136.61042987021147609994	1
68100	36.53079825892194776316	136.61042938319735640107	1
68200	36.53079657442603433992	136.61042841489867782911	1
68300	36.53078635858854283924	136.61042694239714023752	1
68400	36.53076999491391774200	136.61042084039664246120	1
68500	36.53075553345917114711	136.61040540491362094144	1
68600	36.53074782717681756594	136.61038240638771412705	1
68700	36.53074888141916432005	136.61036389412137737054	1
68800	36.53075127638274466335	136.61033490818650193432	1
68900	36.53075525270984513782	136.61030102346251169365	1
69000	36.53075764767343258654	136.61026376401710535902	1
69100	36.53076145784277173334	136.61023018296071995792	1
69200	36.53076188183153760747	136.61020070428216399705	1
69300	36.53075582566764012427	136.61016996509644627622	1
69400	36.53073859682674395799	136.61014381530267769449	1
69500	36.53070494128586176430	136.61012550930112752212	1
69600	36.53065767226775761856	136.61011329957051430029	1
69700	36.53059229205375402216	136.61010146799205244861	1
69800	36.53051451876265076635	136.61008843893179687257	1
69900	36.53043390360086561941	136.61007424103763696621	1
70000	36.53034605198214279653	136.61005879982502619896	1
70100	36.53024545205247619606	136.61004111834748186993	1
70200	36.53013880741806929109	136.61002514428415111070	1
70300	36.53002832396643384527	136.61000703308823744919	1
70400	36.52992189132640277194	136.60998946620225069637	1
70500	36.52981325279887414581	136.60997171024018825847	1
70600	36.52970342824870186860	136.60995436107816658478	1
70700	36.52958813195159137877	136.60993748174149686747	1
70800	36.52947214810512122085	136.60992045916540860162	1
70900	36.52935488083318915642	136.60990364285410691991	1
71000	36.52923554518361726196	136.60988729063865321223	1
71100	36.52911798570321622037	136.60987085820909214817	1
71200	36.52900006525940312940	136.60985374395974645267	1
71300	36.52888293549734299859	136.60983673284280826010	1
71400	36.52876710634947698964	136.60982019728083969312	1
71500	36.52865062402972284872	136.60980290541456838582	1
71600	36.52853562567067058353	136.60978586564976922091	1
71700	36.52842042677637834913	136.60976896912436018283	1
71800	36.52830660871038048754	136.60975201530320077836	1
71900	36.52819146711186704124	136.60973420204535955236	1
72000	36.52807707608806708777	136.60971742584112575969	1
72100	36.52796021561617578755	136.60970098195238620065	1
72200	36.52784275926816803803	136.60968379894811164377	1
72300	36.52772461537081483129	136.60966590547616306139	1
72400	36.52760518804799971804	136.60964718694501129903	1
72500	36.52748521641527901238	136.60962763762506710918	1
72600	36.52736565158258486008	136.60960808830509449763	1
72700	36.52724834993319547038	136.60959060736274750525	1
72800	36.52713607885323909841	136.60957497707408947463	1
72900	36.52702573864105062285	136.60956088804192631869	1
73000	36.52691948934752019795	136.60954804805771800602	1
73100	36.52681518238091484818	136.60953620502010608107	1
73200	36.52671275471588074879	136.60952549643891984488	1
73300	36.52661376479761656810	136.60951644370572921616	1
73400	36.52651982836710686797	136.60950918433047718281	1
73500	36.52642723838741289910	136.60950285887642507987	1
73600	36.52633609226136002235	136.60949636153503661262	1
73700	36.52624625247908340953	136.60949005326969540874	1
73800	36.52615794249412317640	136.60948495394532642422	1
73900	36.52606692241878505456	136.60948060519567093252	1
74000	36.52597581639977875057	136.60947668616432792987	1
74100	36.52588076843115061365	136.60947249211329790342	1
74200	36.52577975597186110690	136.60946723236071420615	1
74300	36.52568074886487181629	136.60946004174039103418	1
74400	36.52558241211848866214	136.60945219221861179903	1
74500	36.52548504367078407995	136.60944463490528733018	1
74600	36.52538975505987650649	136.60943728958636711468	1
74700	36.52529788127743159976	136.60943023647587324376	1
74800	36.52520921032905221182	136.60942322347250410530	1
74900	36.52511993204542051217	136.60941574064366932362	1
75000	36.52503293986337951083	136.60940802863174781123	1
75100	36.52494671544479842851	136.60939954312681265947	1
75200	36.52486527522379589072	136.60939026121053530005	1
75300	36.52478354852389941243	136.60938144911963831873	1
75400	36.52470163847750228570	136.60937362251613080844	1
75500	36.52462188275242027657	136.60936612822820279689	1
75600	36.52454573666144455046	136.60935861675150704286	1
75700	36.52447120058187834957	136.60935100214240378591	1
75800	36.52439695671078823125	136.60934355369107606748	1
75900	36.52432146379170063710	136.60933579584249741856	1
76000	36.52425575126217438537	136.60932922974620851164	1
76100	36.52420330270560810959	136.60932404447814292325	1
76200	36.52415852032434173680	136.60931961551438007518	1
76300	36.52411727309267064356	136.60931575950843352985	1
76400	36.52407547009193677923	136.60931170296723280444	1
76500	36.52403060176700222428	136.60930720524854109499	1
76600	36.52398191181357134383	136.60930253564251302123	1
76700	36.52392928564008656167	136.60929757382800175947	1
76800	36.52387423012555700552	136.60929225105007844832	1
76900	36.52381391485845796296	136.60928636104395650364	1
77000	36.52375028789531086204	136.60928000121242575915	1
77100	36.52368074800771324817	136.60927356116678765829	1
77200	36.52360743805783016569	136.60926662264790820700	1
77300	36.52353476409109589440	136.60926017114314845458	1
77400	36.52346160883981696088	136.60925374828624967449	1
77500	36.52338119421326467773	136.60924671236452354606	1
77600	36.52329725589628139915	136.60924001448790932045	1
77700	36.52320680304916322712	136.60923336817748463545	1
77800	36.52311328487783725905	136.60922629214871903969	1
77900	36.52302161163062521609	136.60921702742118100105	1
78000	36.52293453350491603260	136.60920610111602968573	1
78100	36.52284873880467586105	136.60919425234880009157	1
78200	36.52276359154674167939	136.60918439174514560364	1
78300	36.52267943550578621625	136.60917626720362250126	1
78400	36.52259622484520207308	136.60916839476351469784	1
78500	36.52251302564377510862	136.60916046502762810633	1
78600	36.52242727678014944104	136.60915204827762181594	1
78700	36.52234411768576904933	136.60914329921209287022	1
78800	36.52225944598280449327	136.60913480224797922347	1
78900	36.52217312416139094466	136.60912651154868058256	1
79000	36.52208716903296448208	136.60911847868038648812	1
79100	36.52200358022023607418	136.60910996452756194230	1
79200	36.52191944136801993182	136.60910169101700262217	1
79300	36.52183492436365241929	136.60909338885855390799	1
79400	36.52174735349424850028	136.60908537317899913432	1
79500	36.52165639071468916654	136.60907720853043656462	1
79600	36.52156236834051838969	136.60906844800572912391	1
79700	36.52147015651296868555	136.60905993385290457809	1
79800	36.52137769831356450823	136.60905124781271524625	1
79900	36.52128726265518565697	136.60904275657819084699	1
80000	36.52119564097416315462	136.60903382989576471118	1
80100	36.52110573816653271706	136.60902539022742985253	1
80200	36.52101110272750617014	136.60901610831112407141	1
80300	36.52091519532218200084	136.60900639667650580122	1
80400	36.52081690441242045608	136.60899569382490881253	1
80500	36.52071733007721121567	136.60898566706347878608	1
80600	36.52061612854185312926	136.60897632785142263856	1
80700	36.52051819859551073932	136.60896721209289239596	1
80800	36.52041964985475175354	136.60895699625541510613	1
80900	36.52031910722085683574	136.60894696949398507968	1
81000	36.52021681133611252790	136.60893717191569862734	1
81100	36.52011314035267020017	136.60892743163321938482	1
81200	36.52000815156628732439	136.60891749081545754052	1
81300	36.51990038966417984057	136.60890730362586964475	1
81400	36.51979490813409512384	136.60889640023901847599	1
81500	36.51969035479563530089	136.60888615002406254462	1
81600	36.51958392215561843841	136.60887563624851281929	1
81700	36.51948045743696980026	136.60886554073215393146	1
81800	36.51937885483116019714	136.60885533062423746742	1
81900	36.51928391572450749436	136.60884589973895231196	1
82000	36.51919865387501573650	136.60883792416643700562	1
82100	36.51912395736726324458	136.60883083094893208909	1
82200	36.51905893811667169757	136.60882450549487998614	1
82300	36.51900706824747544488	136.60881906812539909879	1
82400	36.51895966171950647094	136.60881394015314072021	1
82500	36.51891718835815225930	136.60880998101478667195	1
82600	36.51887983150991345838	136.60880655472715261567	1
82700	36.51885035283135749751	136.60880397641707872936	1
82800	36.51882904453095335384	136.60880240078313363483	1
82900	36.51881679469329355925	136.60880157572390203313	1
83000	36.51881365488457475976	136.60880139237741559555	1
83100	36.51881524197766992756	136.60880159291264135391	1
83200	36.51881650248481747667	136.60880181063660643304	1
83300	36.51881745359475672785	136.60880176479997771821	1
83400	36.51881815833284150585	136.60880164447885931622	1
83500	36.51881860523992173739	136.60880141529574416381	1
83600	36.51881895474417660807	136.60880107725063226098	1
83700	36.51881920111603108126	136.60880079650132756797	1
83800	36.51881933862590301487	136.60880042407873702359	1
83900	36.51881944748788555444	136.60880006311532497421	1
84000	36.51881954489071091530	136.60879973652939156636	1
84100	36.51881963656395413409	136.60879946150964769913	1
84200	36.51881983709918699788	136.60879936983641869119	1
84300	36.51882001471610550425	136.60879943286178672679	1
84400	36.51882020952175622597	136.60879954172372663379	1
84500	36.51882047881191795113	136.60879974798854163964	1
84600	36.51882075383165471294	136.60879993706461732472	1
84700	36.51882099447393414948	136.60880019489562187118	1
84800	36.51882104604013079552	136.60880037251254748298	1
84900	36.51882113771338111974	136.60880053867032302151	1
85000	36.51881816406242364792	136.60880036678295823549	1
85100	36.51879753758180413570	136.60879861353211595087	1
85200	36.51875683466003152944	136.60879542215721471621	1
85300	36.51870534867256168354	136.60879127967234580865	1
85400	36.51865047077494352834	136.60878633504657386766	1
85500	36.51859109515863366369	136.60878031326012660429	1
85600	36.51852293036974828055	136.60877392478070646575	1
85700	36.51844784425069434519	136.60876627579418141067	1
85800	36.51836823176506641175	136.60875742932580578781	1
85900	36.51828747336384139999	136.60874907560113911131	1
86000	36.51820924170648652307	136.60874244074989292130	1
86100	36.51813024801527518548	136.60873632729021665000	1
86200	36.51804645293773887715	136.60873012215728294905	1
86300	36.51796096190512486146	136.60872583070340624545	1
86400	36.51787425047241697484	136.60872438684975804790	1
86500	36.51778654209313401680	136.60872637501330473242	1
86600	36.51769720078414138698	136.60873106753766137444	1
86700	36.51760740683848638355	136.60873793730161196436	1
86800	36.51751741808718065840	136.60874747704889387023	1
86900	36.51743446525760816712	136.60875701106661495032	1
87000	36.51735432565079975120	136.60876660238011481852	1
87100	36.51727237549735605171	136.60878088048835365953	1
87200	36.51718521715756082813	136.60880477282842093700	1
87300	36.51709539456402353608	136.60883528283102350542	1
87400	36.51700178471945434922	136.60886820498592442163	1
87500	36.51690925776512131051	136.60890195220005693955	1
87600	36.51681637557695125906	136.60893664479453946115	1
87700	36.51672171149004242352	136.60897151500597601625	1
87800	36.51662521393818394699	136.60900518200597275609	1
87900	36.51653205100069499167	136.60903631080302034206	1
88000	36.51643984490272032417	136.60906741095212169057	1
88100	36.51635058380782083987	136.60909743967016538591	1
88200	36.51626410155822100023	136.60912723920509392883	1
88300	36.51618224307803473039	136.60915571520749267620	1
88400	36.51610632044059912005	136.60918117172235497492	1
88500	36.51603719308261730703	136.60920157474944858222	1
88600	36.51597639080139856560	136.60921661489155098934	1
88700	36.51592660076899932164	136.60922787351222496000	1
88800	36.51588475766122598998	136.60923689759749777295	1
88900	36.51584830608629772541	136.60924485598127375852	1
89000	36.51582036866420111210	136.60925057410008776060	1
89100	36.51580532279250945749	136.60925360504680270424	1
89200	36.51579975364273877858	136.60925505463004014928	1
89300	36.51579844729896251465	136.60925527808356605419	1
89400	36.51579967342864563307	136.60925508900749036911	1
89500	36.51580071048226017183	136.60925499733426136117	1
89600	36.51580156418936695673	136.60925496295678271963	1
89700	36.51580214860632622731	136.60925490566100393153	1
89800	36.51580257832466713808	136.60925491139059317902	1
89900	36.51580291064018979341	136.60925490566100393153	1
90000	36.51580303096132240626	136.60925489420182543654	1
90100	36.51580305960921890573	136.60925499160467211368	1
90200	36.51580310544584051513	136.60925510619622968989	1
90300	36.51580310544584051513	136.60925530673145544824	1
90400	36.51580291064018979341	136.60925553018498135316	1
90500	36.51580275021200350238	136.60925567342445674512	1
90600	36.51580263562044592618	136.60925590260757189753	1
90700	36.51580256113593492273	136.60925604011742962030	1
90800	36.51580234914154488024	136.60925607449490826184	1
90900	36.51580224600914448274	136.60925612033153697666	1
91000	36.51580216579505844265	136.60925623492306613116	1
91100	36.51580207985139026050	136.60925634951465212907	1
91200	36.51580197098940772094	136.60925651567242766760	1
91300	36.51580179910206425120	136.60925669328932485769	1
91400	36.51580169596966385370	136.60925686517666122199	1
91500	36.51580152408232748940	136.60925700841610819225	1
91600	36.51580134646540898302	136.60925719749218387733	1
91700	36.51580114593018322466	136.60925731208374145353	1
91800	36.51580098550199693364	136.60925738083867031492	1
91900	36.51580080788507842726	136.60925750115981713861	1
92000	36.51580064172732420502	136.60925753553729578016	1
92100	36.51579994271881446366	136.60925771888378221774	1
92200	36.51579822384542239888	136.60925815433168395430	1
92300	36.51579507257755352612	136.60925885906976873230	1
92400	36.51579119938285344915	136.60925970704732890226	1
92500	36.51578824865021744017	136.60926031438259542483	1
92600	36.51578360769207165504	136.60926123684464528196	1
92700	36.51577135212483682380	136.60926339689552833079	1
92800	36.51574723633123653599	136.60926747635502920275	1
92900	36.51571363808612602497	136.60927259286813750805	1
93000	36.51567822929439444124	136.60927702183190035612	1
93100	36.51563951453617562493	136.60928122161251963007	1
93200	36.51559447432389760024	136.60928511772553406445	1
93300	36.51554239246032551591	136.60928817159057757635	1
93400	36.51548377887787921736	136.60929009672878464698	1
93500	36.51541924091183943801	136.60929065822742245473	1
93600	36.51534913952559691097	136.60928948939351812442	1
93700	36.51527806411111498619	136.60928669908903998476	1
93800	36.51520065178341667433	136.60928205813090130505	1
93900	36.51511615769736351922	136.60927589310503549314	1
94000	36.51503376636642883568	136.60926912074390315865	1
94100	36.51495304234266825461	136.60926248589262854694	1
94200	36.51487231258933974232	136.60925629794843416676	1
94300	36.51478834562446706968	136.60924994957608191726	1
94400	36.51470419531309374861	136.60924335483187519458	1
94500	36.51461835477622486223	136.60923631318055981865	1
94600	36.51453450240290976581	136.60922981010958210391	1
94700	36.51445229441846151985	136.60922313515126802486	1
94800	36.51437238399477536177	136.60921570961824045298	1
94900	36.51429369970077232210	136.60920673709918560235	1
95000	36.51421437942360626039	136.60919626916026459185	1
95100	36.51413262407582749347	136.60918603040445873376	1
95200	36.51404798675032736810	136.60917619844869363988	1
95300	36.51395968249494217162	136.60916726603664983486	1
95400	36.51386878274074376804	136.60915866594015710689	1
95500	36.51377380925662663458	136.60914921213651496146	1
95600	36.51367570742294077490	136.60913909370188434877	1
95700	36.51357322246212788741	136.60912790383613923950	1
95800	36.51347490863405909067	136.60911753902962573193	1
95900	36.51339583472875460757	136.60911102449949794391	1
96000	36.51333417301083983375	136.60910641791883790575	1
96100	36.51328374126570963654	136.60910300881991474853	1
96200	36.51324422436658778679	136.60910020705631495730	1
96300	36.51321681406566455053	136.60909820170402895201	1
96400	36.51320270784474786296	136.60909722767578955427	1
96500	36.51319796375420878576	136.60909687244193833067	1
96600	36.51319940760784987788	136.60909697557434583359	1
96700	36.51320122961363523473	136.60909690681941697221	1
96800	36.51320295994617737279	136.60909677503912007523	1
96900	36.51320421472374988525	136.60909691254900621971	1
97000	36.51320525177735731859	136.60909678649827014851	1
97100	36.51320607683658892029	136.60909671201378046135	1
97200	36.51320671281973062605	136.60909672920249136041	1
97300	36.51320722848175392983	136.60909691254900621971	1
97400	36.51320772122545577076	136.60909705005886394247	1
97500	36.51320229531513916754	136.60909670628419121385	1
97600	36.51318388618118149225	136.60909519367561415493	1
97700	36.51315643004363664659	136.60909302216555261111	1
97800	36.51312263126330037721	136.60908990527514106361	1
97900	36.51308417433609321279	136.60908622115655930429	1
98000	36.51303935184778026724	136.60908195835054357303	1
98100	36.51298837006316944098	136.60907725436703685773	1
98200	36.51293244365278667374	136.60907256757226946320	1
98300	36.51287243205332089246	136.60906766305353698954	1
98400	36.51281439142867668579	136.60906230589816345855	1
98500	36.51275097645991252193	136.60905656486107773162	1
98600	36.51268208401462800339	136.60905084674226372954	1
98700	36.51260993143948496709	136.60904469890513723840	1
98800	36.51253886175457807894	136.60903836772149588796	1
98900	36.51246557472300224845	136.60903139482513779512	1
99000	36.51239452795640261229	136.60902482872879204479	1
99100	36.51232689028869060621	136.60901939135931115743	1
99200	36.51226753186111295690	136.60901460143216468168	1
99300	36.51221555312994127007	136.60901037873321683946	1
99400	36.51217098847263287098	136.60900656856384216553	1
99500	36.51213131114531762478	136.60900320530160456656	1
99600	36.51209493978448961116	136.60900026602811863086	1
99700	36.51206335262124014207	136.60899721789263594474	1
99800	36.51204080100242777007	136.60899494897975614549	1
99900	36.51202801258443741972	136.60899383744165902499	1
100000	36.51202222571070876711	136.60899346501909690232	1
100100	36.51202216841492287358	136.60899365409514416569	1
100200	36.51202347475869913751	136.60899387181910924483	1
100300	36.51202451181231367627	136.60899432445577872386	1
100400	36.51202531395322381513	136.60899441039944690601	1
100500	36.51202305649950830002	136.60899442758818622679	1
100600	36.51201626694963664477	136.60899418694589257939	1
100700	36.51201187809292747488	136.60899426715999993576	1
100800	36.51201172339432332592	136.60899447342481494161	1
100900	36.51201215884224637875	136.60899466250089062669	1
101000	36.51201255418312285883	136.60899482292904849601	1
101100	36.51201292087610994486	136.60899498335723478704	1
101200	36.51201326465078977890	136.60899512659668175729	1
101300	36.51201340216066171251	136.60899524118826775521	1
101400	36.51201361988462679165	136.60899528129530722254	1
101500	36.51201378031280597725	136.60899526983612872755	1
101600	36.51201384333816690742	136.60899516670374964633	1
101700	36.51201388917478851681	136.60899520681076069195	1
101800	36.51201386625647415940	136.60899516670374964633	1
101900	36.51201374593534154656	136.60899516097416039884	1
102000	36.51201353394095860949	136.60899515524457115134	1
102100	36.51201341361981889122	136.60899518962204979289	1
102200	36.51201336778319017640	136.60899530421360736909	1
102300	36.51201353394095860949	136.60899544745305433935	1
102400	36.51201357977758021889	136.60899558496291206211	1
102500	36.51201360269588747087	136.60899571674320895909	1
102600	36.51201368863955565303	136.60899593446720245993	1
102700	36.51201393501141012621	136.60899612354324972330	1
102800	36.51201320162543595416	136.60899627824184676683	1
102900	36.51200332383304925088	136.60899580841646638873	1
103000	36.51197661827021789804	136.60899375722758009033	1
103100	36.51193708991192465874	136.60899092108647323585	1
103200	36.51188967192480561152	136.60898740885517099741	1
103300	36.51184081581361340341	136.60898355857881369957	1
103400	36.51178484356660902677	136.60897828736710835074	1
103500	36.51172393815298278241	136.60897156657213713515	1
103600	36.51165991011937705935	136.60896304668975176355	1
103700	36.51159325793906873514	136.60895460129185607911	1
103800	36.51151957556661642457	136.60894708981513190338	1
103900	36.51144096002754935171	136.60894000805680548183	1
104000	36.51135420275821275027	136.60893249085052048031	1
104100	36.51126263264339399939	136.60892369021880199398	1
104200	36.51117139484409079841	136.60891322227988098348	1
104300	36.51107699431776865140	136.60890163707324518327	1
104400	36.51097986078276136368	136.60888666568607163754	1
104500	36.51088207980544098064	136.60886767213514758623	1
104600	36.51078376597737218390	136.60884619194740707826	1
104700	36.51068557820002524750	136.60882228814821814922	1
104800	36.51058540225912452115	136.60879452261346500563	1
104900	36.51048459606465002025	136.60876267188962174259	1
105000	36.51038154387561718295	136.60872597394285321570	1
105100	36.51027835417671241203	136.60868584397888980675	1
105200	36.51017250595364060928	136.60864243096673931177	1
105300	36.51006556338117547966	136.60859696676570251839	1
105400	36.50995809941711911506	136.60854974358423419289	1
105500	36.50985197617431055050	136.60850238862246897042	1
105600	36.50974545186104336381	136.60845444351417654616	1
105700	36.50963823999841650902	136.60840650413541652597	1
105800	36.50953011713288987039	136.60835930387227676874	1
105900	36.50942259587306182311	136.60831246457252063919	1
106000	36.50931868997691509549	136.60826610655732338273	1
106100	36.50922977838627048186	136.60822598805248162535	1
106200	36.50915717317446507195	136.60819014954242334170	1
106300	36.50909948205407573596	136.60815264372516253388	1
106400	36.50905732381950485888	136.60809942740513633908	1
106500	36.50903669160931031001	136.60803566866169944660	1
106600	36.50903513889368667833	136.60796720020516659133	1
106700	36.50903698381777928716	136.60790083450376641849	1
106800	36.50903776876995721068	136.60783656009832043310	1
106900	36.50903684057833231691	136.60777575208749112790	1
107000	36.50903458885419894386	136.60771767135582877017	1
107100	36.50903205065116452488	136.60766306274837234014	1
107200	36.50902783941137386137	136.60760660921681619584	1
107300	36.50902574811541967392	136.60754809303719525815	1
107400	36.50902506629564214791	136.60748791527998946549	1
107500	36.50902447041953990947	136.60742893500454897548	1
107600	36.50902367973777984389	136.60736794364723323270	1
107700	36.50902267706164394667	136.60731057911280572625	1
107800	36.50902178324748348359	136.60725635438706149216	1
107900	36.50902053419948600776	136.60720652424762988630	1
108000	36.50901911899373430970	136.60716056730288414656	1
108100	36.50901784702742247646	136.60711944039235277160	1
108200	36.50901672403014686097	136.60708509157254297861	1
108300	36.50901575573146828901	136.60705880999847749990	1
108400	36.50901498796802258084	136.60704120300542285804	1
108500	36.50901397956230454156	136.60702668425489036963	1
108600	36.50901284510587174736	136.60700842981952973787	1
108700	36.50901215182694414807	136.60698484114712414339	1
108800	36.50901072516202816587	136.60695172418655829460	1
108900	36.50900964227179912314	136.60690937687590462701	1
109000	36.50900784318432101827	136.60685716896162489320	1
109100	36.50900718428285784967	136.60680409015148484286	1
109200	36.50900639933067992615	136.60674576877752883775	1
109300	36.50900548832778724773	136.60667809100277736434	1
109400	36.50900402155583179820	136.60660616188116023295	1
109500	36.50900225111624308738	136.60653308111437809202	1
109600	36.50900053797243316467	136.60645953052221557300	1
109700	36.50899808571306692784	136.60638721751891466738	1
109800	36.50899566783117933255	136.60631810734966506971	1
109900	36.50899220143651291437	136.60625843952487912247	1
110000	36.50898888401088271394	136.60621856739189183827	1
110100	36.50898472433728869646	136.60619257802630954757	1
110200	36.50897623883234643927	136.60617313756833368643	1
110300	36.50896558181735684911	136.60616062417008720331	1
110400	36.50894558559030400602	136.60614833995495587260	1
110500	36.50891187275363591880	136.60614511420257599639	1
110600	36.50887334707149278756	136.60614756073235298572	1
110700	36.50883184200881714787	136.60614941711560277326	1
110800	36.50879262877731434855	136.60615054011290681046	1
110900	36.50875478491494874334	136.60614790450702571434	1
111000	36.50872300867563069460	136.60613126581267806614	1
111100	36.50870258845981197737	136.60609728368584114833	1
111200	36.50869836003128199309	136.60605548641467521520	1
111300	36.50870264575559076548	136.60601262344201245469	1
111400	36.50870527563186840325	136.60596930210311938936	1
111500	36.50870781383490282224	136.60592407854437624337	1
111600	36.50870841544058009731	136.60588026446177423168	1
111700	36.50870727525457226648	136.60583988812595634954	1
111800	36.50870172329354090834	136.60580746444432520548	1
111900	36.50869789593546954620	136.60577892541655842251	1
112000	36.50869888715245537014	136.60575038065917397034	1
112100	36.50870475996985931033	136.60572928435317408002	1
112200	36.50870818052788990826	136.60572331986253402647	1
112300	36.50870870191948114325	136.60572389854991115499	1
112400	36.50870875348569200014	136.60572546272467775452	1
112500	36.50870925768854391436	136.60573088290541932111	1
112600	36.50870965875900253650	136.60574096696262813566	1
112700	36.50870734973909037535	136.60575607013009857837	1
112800	36.50870020495538170735	136.60577090973700364884	1
112900	36.50869198874060117532	136.60577909157433396103	1
113000	36.50868669461057436365	136.60578121724773836831	1
113100	36.50868487260478900680	136.60577988225605849948	1
113200	36.50868122859321118767	136.60577653618256022128	1
113300	36.50867650169139722038	136.60577199262723979700	1
113400	36.50867369419820107623	136.60576955182702363345	1
113500	36.50867375722356200640	136.60576913929742204346	1
113600	36.50867224461497784205	136.60576888146641749699	1
113700	36.50867001580915882641	136.60576904762416461381	1
113800	36.50866879540905074464	136.60576920805235090484	1
113900	36.50866897302596925101	136.60576923670021187718	1
114000	36.50866871519495759912	136.60576917367487226329	1
114100	36.50866844017522083732	136.60576926534812969294	1
114200	36.50866785575826867216	136.60576941431713748898	1
114300	36.50866722550469489761	136.60576957474535220172	1
114400	36.50866645201167415280	136.60576982684676750068	1
114500	36.50866577592147166342	136.60576991279043568284	1
114600	36.50866519723410164033	136.60577005602988265309	1
114700	36.50866479043406798155	136.60577021645806894412	1
114800	36.50866445811854532622	136.60577041699329470248	1
114900	36.50866403412977234666	136.60577060606937038756	1
115000	36.50866359868184929383	136.60577089254826432807	1
115100	36.50866315750434409892	136.60577117329759744280	1
115200	36.50866289394376451583	136.60577144258775206254	1
