Joystick: PLAYSTATION(R)3 Controller (E0:AE:5E:98:2B:DF) axis: 29 buttons: 17
0.034642
0.054171
0.073578
0.093244
0.112286
0.140266
0.158519
0.177421
0.197851
0.217216
0.236420
0.255982
0.275369
0.294936
0.315931
0.335145
0.355155
0.375459
0.395631
0.415617
0.435691
0.455567
0.475336
0.495540
0.515500
0.537034
0.556607
0.576535
0.596704
0.616890
0.637349
0.657083
0.676715
0.696672
0.716673
0.736727
0.756643
0.777046
0.797058
0.816900
0.837061
0.856947
0.876850
0.896855
0.916928
0.937275
0.957065
0.976856
0.997039
1.016950
1.036974
1.056886
1.076908
1.097036
1.117054
1.136834
1.156741
1.176654
1.197036
1.216945
1.237190
1.256999
1.277214
1.297218
1.317077
1.339128
1.357752
1.377551
1.397760
1.417864
1.437966
1.457829
1.477773
1.497754
1.517531
1.537609
1.557951
1.577935
1.597885
1.617759
1.637806
1.657948
1.677791
1.697529
1.717035
1.738576
1.758167
1.778099
1.798072
1.818093
1.838109
1.858082
1.877981
1.897869
1.917919
1.938270
1.958024
1.977308
1.997396
2.017360
2.037354
2.057317
2.077357
2.097563
2.117321
2.137477
2.157539
2.177449
2.197233
2.217332
2.237141
2.257314
2.277422
2.297332
2.317230
2.337188
2.357337
2.377378
2.399007
2.417367
2.437266
2.457351
2.477496
2.497371
2.517946
2.539087
2.558884
2.579780
2.598929
2.618710
2.638658
2.658998
2.679059
2.698841
2.718766
2.738904
2.759375
2.778806
2.798636
2.818624
2.838843
2.858853
2.878800
2.898782
2.918896
2.939153
2.958781
2.978924
2.998668
3.018692
3.038802
3.058756
3.078816
3.098786
3.118818
3.138742
3.158605
3.178926
3.198698
3.219061
3.239005
3.258685
3.278903
3.299028
3.318894
3.338682
3.358650
3.378990
3.398965
3.418787
3.438674
3.458939
3.478868
3.498966
3.518718
3.538689
3.558736
3.578790
3.598856
3.618739
3.638853
3.658721
3.678627
3.698660
3.718622
3.740035
3.761163
3.779900
3.799376
3.819479
3.839556
3.859488
3.879239
3.899417
3.919582
3.939570
3.959596
3.980011
3.999688
4.019588
4.039566
4.059407
4.079465
4.099697
4.119641
4.140630
4.160615
4.180486
4.200557
4.220471
4.240289
4.261020
4.280277
4.300494
4.320507
4.340227
4.360279
4.380362
4.400330
4.420281
4.440158
4.460215
4.480274
4.500322
4.520445
4.540328
4.560381
4.580388
4.600228
4.620384
4.640293
4.660348
4.681799
4.700411
4.720628
4.740458
4.760602
4.780586
4.800384
4.820316
4.840579
4.860436
4.880431
4.900479
4.920996
4.943657
4.963298
4.983169
5.007232
5.023724
5.043447
5.063229
5.083154
5.103117
5.123403
5.145559
5.162867
5.183616
5.203054
5.223408
5.243335
5.263241
5.282885
5.303164
5.323215
5.345596
5.364317
5.384168
5.404258
5.424470
5.445170
5.464535
5.484324
5.504365
5.524678
5.545589
5.565184
5.585210
5.605437
5.625642
5.645318
5.665254
5.685375
5.705305
5.725285
5.745176
5.765242
5.785314
5.805257
5.825302
5.845369
5.865296
5.885351
5.905143
5.925121
5.945323
5.965309
5.985226
6.005272
6.025380
6.045417
6.065367
6.085018
6.105278
6.125163
6.145937
6.165680
6.185146
6.205351
6.225356
6.245370
6.265477
6.285222
6.305404
6.325469
6.345332
6.365125
6.385118
6.405422
6.425419
6.445398
6.465199
6.485349
6.505298
6.525217
6.546026
6.565809
6.585899
6.605778
6.625831
6.645690
6.665811
6.685751
6.706263
6.725419
6.745833
6.765782
6.785820
6.805561
6.825672
6.845707
6.865831
6.885780
6.905794
6.925772
6.946967
6.966144
6.985679
7.005560
7.025581
7.045845
7.065893
7.086035
7.105779
7.125794
7.146053
7.165922
7.185887
7.205844
7.225735
7.245743
7.265769
7.287047
7.305554
7.325695
7.349192
7.368667
7.388570
7.408473
7.428584
7.448633
7.468506
7.488573
7.508568
7.528683
7.548622
7.568493
7.588507
7.608773
7.628751
7.648764
7.668499
7.688842
7.708746
7.728689
7.749125
7.768853
7.789115
7.810629
7.828820
7.848774
7.868839
7.888898
7.908851
7.928735
7.948733
7.968875
7.988927
8.009092
8.028675
8.049945
8.069726
8.089678
8.109635
8.129436
8.149510
8.170941
8.189831
8.209765
8.229688
8.249800
8.269738
8.289604
8.309539
8.329499
8.349773
8.369683
8.389707
8.409612
8.429753
8.449691
8.469628
8.489643
8.509431
8.529755
8.551615
8.571306
8.590999
8.611114
8.631075
8.650949
8.670986
8.691090
8.711160
8.731037
8.750854
8.770918
8.791100
8.811175
8.831004
8.850953
8.871195
8.891075
8.911334
8.931023
8.952390
8.971941
8.992259
9.012336
9.032161
9.052324
9.072208
9.092194
9.112020
9.131975
9.152021
9.172347
9.192133
9.212055
9.232380
9.252455
9.272146
9.293407
9.311917
9.331985
9.352043
9.372144
9.392085
9.412057
9.432111
9.452054
9.471985
9.491932
9.511909
9.532134
9.552047
9.572100
9.592148
9.612190
9.632104
9.652005
9.672005
9.691946
9.712162
9.732233
9.754319
9.775939
9.793962
9.813877
9.833887
9.853764
9.873805
9.893948
9.914066
9.934022
9.954083
9.973709
9.994019
10.016265
10.033933
10.053994
10.073958
10.093978
10.114015
10.133842
10.153877
10.174143
10.194023
10.213945
10.233967
10.253970
10.274053
10.293991
10.313803
10.333806
10.353978
10.373937
10.393917
10.413950
10.434000
10.615299
10.631634
10.649795
10.668862
10.689043
10.707821
10.727008
10.746171
10.765977
10.787112
10.805205
10.824522
10.844376
10.863600
10.883785
10.903008
10.922839
10.942877
10.962939
10.983030
11.003027
11.022969
11.043156
11.063102
11.082948
11.102872
11.122848
11.142862
11.163009
11.182723
11.202982
11.223119
11.243013
11.263039
11.283032
11.303033
11.328913
11.343082
11.362961
11.383265
11.402908
11.422895
11.443063
11.463070
11.483004
11.503057
11.523175
11.542982
11.562911
11.582889
11.602920
11.623051
11.642940
11.671489
11.685419
11.704931
11.724123
11.745351
11.764115
11.784263
11.804284
11.824310
11.844293
11.864055
11.884318
11.904255
11.924165
11.944155
11.964061
11.984665
12.004257
12.024224
12.045146
12.064650
12.084603
12.104654
12.124530
12.144526
12.175418
12.187737
12.209751
12.237021
12.249301
12.269339
12.301281
12.309953
12.337522
12.354451
12.390525
12.399436
12.419175
12.438545
12.458178
12.497842
12.531627
12.539358
12.559424
12.579299
12.602905
12.623523
12.642504
12.662441
12.683151
12.702627
12.722634
12.742616
12.762884
12.782689
12.802555
12.822490
12.842662
12.862919
12.882704
12.908143
12.926711
12.946375
12.966415
12.986601
13.006562
13.026597
13.046874
13.069500
13.086806
13.106815
13.126614
13.146427
13.166747
13.186623
13.206757
13.226801
13.246806
13.266817
13.286895
13.306652
13.328875
13.346789
13.366714
13.386770
13.406620
13.426688
13.446848
13.466784
13.486571
13.506730
13.538987
13.552342
13.566744
13.586678
13.606576
13.626772
13.646709
13.666792
13.686685
13.707710
13.727764
13.747490
13.767235
13.787505
13.807552
13.827830
13.847499
13.867464
13.887621
13.907594
13.927601
13.947496
13.967504
13.987515
14.007436
14.027450
14.047613
14.067723
14.087453
14.107471
14.127287
14.147598
14.167943
14.187403
14.207315
14.227246
14.247517
14.267440
14.287666
14.307316
14.327570
14.347532
14.367411
14.387221
14.407421
14.445016
14.452886
14.472676
14.493017
14.512508
14.532754
14.552569
14.572791
14.592856
14.612574
14.632590
14.652674
14.672728
14.692712
14.712570
14.742828
14.762364
14.781939
14.808059
14.827173
14.847051
14.869086
14.887230
14.907356
14.927178
14.947170
14.967134
15.000665
15.017913
15.034303
15.054648
15.074492
15.094238
15.114485
15.134363
15.154303
15.191985
15.200723
15.219676
15.239534
15.259610
15.280041
15.299735
15.319481
15.353985
15.362901
15.381919
15.401748
15.421788
15.441635
15.461847
15.481778
15.501867
15.521628
15.542427
15.561801
15.581930
15.601684
15.622006
15.641811
15.662408
15.681823
15.701500
15.721501
15.741878
15.761864
15.782038
15.801586
15.821772
15.841800
15.861796
15.881506
15.901687
15.921778
15.941826
15.961742
15.981608
16.001826
16.021773
16.041840
16.061546
16.081783
16.101715
16.121627
16.141755
16.161543
16.182107
16.201665
16.221786
16.241552
16.261530
16.281857
16.301938
16.321631
16.341581
16.361977
16.381730
16.401551
16.421603
16.441647
16.461772
16.481795
16.501794
16.521534
16.541742
16.562347
16.581549
16.601634
16.621652
16.641907
16.661794
16.681668
16.701719
16.721671
16.741770
16.761536
16.781542
16.801516
16.821662
16.841750
16.861581
16.881566
16.901632
16.921801
16.941705
16.961687
16.981771
17.001877
17.021756
17.041789
17.061630
17.081778
17.101753
17.121812
17.141751
17.161668
17.181742
17.201909
17.234436
17.247459
17.268166
17.287491
17.307639
17.327651
17.347192
17.367283
17.387210
17.407505
17.427351
17.447161
17.467265
17.487384
17.507434
17.527413
17.547319
17.567288
17.587539
17.608636
17.627412
17.647394
17.667454
17.687463
17.707538
17.727459
17.747467
17.767536
17.787596
17.807509
17.827233
17.847377
17.867375
17.887424
17.924153
17.932127
17.952016
17.971918
17.991832
18.011847
18.031741
18.051742
18.071650
18.091876
18.112786
18.132037
18.152003
18.172431
18.191900
18.211750
18.231803
18.251814
18.271816
18.291775
18.311714
18.331691
18.351774
18.371722
18.391846
18.411980
18.431896
18.452006
18.471625
18.491719
18.511731
18.531965
18.551950
18.571776
18.591681
18.611750
18.631850
18.651888
18.671854
18.691982
18.711974
18.731804
18.751626
18.771600
18.791725
18.811931
18.831811
18.851747
18.871814
18.891625
18.911967
18.931654
18.951729
18.971637
18.991867
19.011824
19.031739
19.051921
19.071797
19.091851
19.117639
19.136891
19.156676
19.176755
19.196763
19.216889
19.236973
19.256977
19.276886
19.296811
19.316800
19.342408
19.356875
19.376657
19.396788
19.416785
19.436761
19.456960
19.476948
19.496726
19.517612
19.537298
19.557357
19.577485
19.597377
19.617297
19.637300
19.657400
19.677429
19.697206
19.717306
19.737193
19.757434
19.777560
19.797443
19.817446
19.837483
19.857402
19.877298
19.897346
19.917220
19.937444
19.957411
19.977388
19.997463
20.019953
20.037442
20.057203
20.077329
20.097141
20.117434
20.137343
20.157277
20.177463
20.197392
20.217362
20.237467
20.257463
20.277515
20.297486
20.319220
20.338111
20.358039
20.378240
20.398313
20.418266
20.438127
20.458289
20.478349
20.498307
20.518222
20.538099
20.558244
20.578303
20.598256
20.618111
20.638076
20.658325
20.678238
20.698132
20.718693
20.738594
20.758397
20.778271
20.798357
20.818352
20.838548
20.858448
20.878315
20.898495
20.918527
20.938605
20.958531
20.978491
20.998392
21.018529
21.038569
21.058530
21.078528
21.098461
21.118464
21.138250
21.158419
21.178429
21.198737
21.218850
21.238438
21.258592
21.278595
21.298400
21.318656
21.339205
21.358280
21.378603
21.398603
21.418688
21.438606
21.458373
21.478490
21.498490
21.519475
21.539249
21.560968
21.579729
21.599605
21.619600
21.639827
21.659537
21.679568
21.699496
21.719548
21.741115
21.759722
21.779630
21.799349
21.827202
21.840459
21.860496
21.880217
21.900142
21.920378
21.940783
21.960466
21.980206
22.000540
22.020601
22.040467
22.060258
22.080171
22.100188
22.120460
22.140496
22.160410
22.180479
22.200506
22.222137
22.240355
22.260248
22.280370
22.300452
22.328743
22.356806
22.377639
22.397884
22.420831
22.438030
22.450870
22.474650
22.490313
22.508521
22.532633
22.548954
22.571230
22.593772
22.608510
22.628521
22.648317
22.668308
22.688126
22.708114
22.731294
22.748266
22.768216
22.792266
22.808889
22.834184
22.849228
22.868464
22.889193
22.908721
22.928779
22.948705
22.968658
22.988775
23.008580
23.028411
23.048644
23.069021
23.088595
23.109227
23.128455
23.148524
23.168489
23.188403
23.208719
23.228532
23.248695
23.269237
23.288548
23.308357
23.328384
23.354374
23.368863
23.388554
23.408737
23.428680
23.448635
23.468659
23.488281
23.508339
23.528489
23.548484
23.568754
23.588665
23.608534
23.628615
23.648649
23.668411
23.688411
23.708369
23.728621
23.748526
23.768594
23.788689
23.808437
23.828550
23.848348
23.868425
23.888375
23.908522
23.928538
23.948457
23.968475
23.988570
24.008432
24.034618
24.048779
24.068853
24.088759
24.108317
24.128557
24.148494
24.168936
24.188917
24.208575
24.229970
24.249816
24.269790
24.289780
24.309539
24.329488
24.349754
24.369745
24.389690
24.409494
24.434256
24.449871
24.469670
24.489683
24.509492
24.529735
24.549764
24.569740
24.589585
24.609799
24.629730
24.649672
24.669609
24.689706
24.709737
24.729733
24.749639
24.769668
24.789942
24.809940
24.829764
24.849513
24.869399
24.889764
24.909662
24.929619
24.949422
24.969684
24.989706
25.009600
25.032195
25.049665
25.069789
25.089918
25.109930
25.129720
25.149865
25.169810
25.190013
25.209777
25.233827
25.249881
25.269695
25.289733
25.309688
25.329638
25.351996
25.369754
25.389617
25.409591
25.429620
25.449673
25.469778
25.489499
25.509772
25.529667
25.549615
25.569504
25.589499
25.609514
25.633559
25.649914
25.669900
25.689800
25.709935
25.729811
25.749566
25.771265
25.789539
25.809735
25.829668
25.849729
25.869785
25.889734
25.909864
25.929631
25.949686
25.969490
25.989663
26.009796
26.029676
26.049764
26.069727
26.089661
26.109621
26.129556
26.149488
26.170970
26.190051
26.209816
26.229827
26.249891
26.269877
26.289605
26.309614
26.329660
26.349767
26.369734
26.389757
26.409783
26.429786
26.449965
26.484681
26.517620
26.543647
26.576423
26.602690
26.630247
26.662995
26.689318
26.723848
26.750409
26.784539
26.805061
26.826285
26.857888
26.868043
26.888259
26.908436
26.929224
26.949141
26.968504
26.989236
27.008351
27.029243
27.049221
27.069572
27.089238
27.107654
27.129513
27.149544
27.168486
27.189254
27.208062
27.229154
27.249603
27.269496
27.289338
27.308272
27.329112
27.348509
27.369483
27.388726
27.408547
27.429928
27.450524
27.469068
27.489576
27.509616
27.528931
27.550526
27.568927
27.588909
27.610547
27.627456
27.650519
27.665544
27.686205
27.706517
27.726457
27.746565
27.766618
27.786289
27.806277
27.826640
27.846802
27.866345
27.886560
27.906192
27.926091
27.946359
27.965722
27.986067
28.005944
28.026226
28.046491
28.066321
28.085865
28.106337
28.126038
28.146456
28.166303
28.186181
28.206261
28.226190
28.246106
28.266173
28.285685
28.305991
28.325937
28.346021
28.365781
28.385793
28.405979
28.425976
28.445978
28.466054
28.486272
28.506011
28.526245
28.545947
28.565799
28.586033
28.605952
28.625921
28.645984
28.666288
28.686010
28.706040
28.726095
28.745890
28.765979
28.785941
28.805998
28.826087
28.846438
28.865909
28.886055
28.906168
28.926109
28.946252
28.965884
28.985865
29.005771
29.025740
29.045991
29.065784
29.085986
29.106208
29.126120
29.146135
29.165894
29.185685
29.205978
29.225649
29.245881
29.265846
29.285923
29.306006
29.326001
29.346151
29.366252
29.386137
29.406118
29.425910
29.445860
29.465880
29.485884
29.506007
29.526278
29.546230
29.566171
29.586137
29.605884
29.625677
29.645968
29.665993
29.686078
29.706216
29.726069
29.745985
29.765865
29.785885
29.806049
29.825973
29.845964
29.865979
29.886298
29.906174
29.925912
29.945891
29.965853
29.985608
30.005946
30.025817
30.045687
30.065997
30.085997
30.105850
30.125982
30.146251
30.166055
30.186149
30.206184
30.225768
30.246010
30.266044
30.285820
30.306142
30.326168
30.346076
30.366111
30.386046
30.405787
30.425879
30.446032
30.466086
30.486067
30.505922
30.526021
30.546180
30.566296
30.586132
30.606093
30.626447
30.646248
30.666129
30.686266
30.705967
30.726005
30.745921
30.766001
30.786045
30.806083
30.826248
30.846266
30.866063
30.886062
30.906003
30.925993
30.946106
30.965851
30.985981
31.006197
31.026085
31.046104
31.065977
31.085895
31.105954
31.126034
31.145873
31.165859
31.186318
31.206051
31.226230
31.246002
31.265918
31.285950
31.305854
31.326025
31.345873
31.366241
31.386184
31.406170
31.425671
31.445585
31.465900
31.486028
31.506235
31.526172
31.546101
31.566233
31.585883
31.606008
31.626021
31.646107
31.666020
31.685897
31.706215
31.726146
31.746217
31.765820
31.785908
31.805959
31.825993
31.846262
31.866359
31.886096
31.906151
31.925841
31.946006
31.965997
31.985853
32.006244
32.026202
32.046143
32.066039
32.085950
32.105847
32.126008
32.146081
32.166346
32.186079
32.206230
32.225788
32.245860
32.265808
32.285849
32.306151
32.326207
32.346160
32.366081
32.385801
32.406054
32.426035
32.446122
32.471137
32.486537
32.514680
32.537662
32.547407
32.566890
32.587134
32.606472
32.626369
32.646943
32.666157
32.685861
32.705956
32.725964
32.746094
32.766046
32.785935
32.806054
32.825858
32.846010
32.866151
32.886213
32.906049
32.926262
32.946059
32.966260
32.985846
33.005863
33.025942
33.045899
33.066225
33.086107
33.106132
33.125850
33.145948
33.166041
33.186038
33.206250
33.226153
33.246174
33.265893
33.285957
33.306019
33.326031
33.346476
33.366379
33.386197
33.405884
33.425961
33.446040
33.466579
33.486384
33.506280
33.526311
33.546038
33.566132
33.586094
33.606148
33.626379
33.646264
33.666512
33.686222
33.706183
33.725915
33.746030
33.766013
33.786096
33.806195
33.826218
33.846253
33.865961
33.886038
33.906085
33.926161
33.946354
33.966251
33.986269
34.006007
34.026061
34.046222
34.066121
34.086096
34.106167
34.126220
34.146165
34.166280
34.185936
34.206015
34.226033
34.246200
34.266317
34.286153
34.306173
34.326084
34.346086
34.366002
34.386194
34.406157
34.426142
34.445945
34.466013
34.486011
34.506036
34.526085
34.546191
34.566187
34.585996
34.606073
34.626045
34.646064
34.666103
34.686201
34.706166
34.726137
34.745949
34.766116
34.786094
34.806170
34.826180
34.846253
34.866139
34.886335
34.905852
34.926008
34.946071
34.966124
34.986292
35.006179
35.027542
35.046131
35.066032
35.086054
35.106104
35.126174
35.146186
35.166247
35.186135
35.205949
35.225997
35.246115
35.266255
35.286211
35.306266
35.326114
35.345962
35.365916
35.386087
35.406182
35.426133
35.446191
35.465887
35.486005
35.506006
35.525999
35.546197
35.566190
35.586267
35.605878
35.626032
35.645969
35.666069
35.686255
35.706209
35.726191
35.745949
35.766062
35.786052
35.806078
35.826223
35.846186
35.866226
35.885953
35.906066
35.926014
35.946252
35.966332
35.986182
36.006247
36.025993
36.046150
36.066103
36.086107
36.106369
36.126132
36.146267
36.166077
36.186094
36.206110
36.225923
36.246175
36.266183
36.286239
36.306215
36.325859
36.345843
36.366007
36.386145
36.406231
36.426258
36.446206
36.465890
36.486033
36.506055
36.526095
36.546207
36.566117
36.586222
36.605839
36.625911
36.646046
36.666114
36.686271
36.706254
36.726210
36.745907
36.766094
36.786078
36.806136
36.826274
36.846232
36.866305
36.885840
36.906005
36.926020
36.946065
36.966134
36.986222
37.006127
37.025938
37.045955
37.066015
37.086063
37.106191
37.126104
37.146215
37.165889
37.186032
37.206059
37.226054
37.246305
37.266219
37.286141
37.305896
37.326053
37.346071
37.366005
37.386269
37.406201
37.426136
37.445844
37.466063
37.486093
37.506191
37.526270
37.546320
37.566231
37.585918
37.605986
37.626052
37.646133
37.666384
37.686145
37.706213
37.725922
37.746032
37.766048
37.786117
37.806357
37.826268
37.846266
37.865949
37.886077
37.906112
37.926114
37.946257
37.966274
37.986144
38.005882
38.025980
38.045999
38.066175
38.086207
38.106188
38.126122
38.145882
38.166106
38.186021
38.206072
38.226339
38.246163
38.266252
38.285960
38.306046
38.326062
38.346095
38.366211
38.386290
38.406216
38.425915
38.446026
38.466047
38.486161
38.506238
38.526182
38.545876
38.565976
38.585997
38.606105
38.626151
38.646160
38.666151
38.685864
38.705984
38.726027
38.746131
38.766211
38.786161
38.806232
38.825848
38.845997
38.865995
38.886073
38.906151
38.926193
38.946196
38.965904
38.985991
39.006015
39.026129
39.046258
39.066083
39.086072
39.105872
39.126025
39.145991
39.166158
39.186293
39.206227
39.226266
39.245951
39.265988
39.286012
39.305995
39.326166
39.346119
39.366166
39.385964
39.406079
39.426063
39.446134
39.466214
39.486159
39.506193
39.525888
39.546054
39.566072
39.586179
39.606308
39.626111
39.646162
39.665947
39.686042
39.706057
39.726051
39.746237
39.766210
39.786222
39.805919
39.826006
39.846092
39.866060
39.886255
39.906236
39.926204
39.945980
39.965999
39.986062
40.006129
40.030115
40.046599
40.066934
40.086515
40.106337
40.126166
40.146027
40.166082
40.185991
40.206137
40.225984
40.246240
40.265826
40.285996
40.306083
40.326103
40.346442
40.366111
40.386220
40.405985
40.426184
40.445995
40.466201
40.486153
40.812653
40.851883
40.878125
40.896471
40.926622
40.949388
40.965677
40.993004
41.008680
41.031911
41.059831
41.068067
41.097541
41.123445
41.136529
41.167460
41.182858
41.203923
41.231934
41.246644
41.268304
41.296677
41.305059
41.325172
41.345020
41.365047
41.384907
41.404933
41.424933
41.445321
41.465165
41.485105
41.504876
41.525094
41.544940
41.565235
41.585195
41.605166
41.624846
41.644953
41.665007
41.684985
41.705135
41.725149
41.745096
41.765030
41.785007
41.805061
41.825091
41.845240
41.865172
41.884990
41.904972
41.924980
41.945053
41.964972
41.985159
42.005232
42.024850
42.045034
42.064988
42.085057
42.105283
42.125057
42.145080
42.164929
42.184959
42.205016
42.225093
42.245185
42.265226
42.285099
42.304897
42.325038
42.344970
42.365168
42.385171
42.405279
42.425090
42.445054
42.465021
42.484918
42.505219
42.525103
42.545169
42.565111
42.584976
42.605019
42.625013
42.645189
42.665205
42.685277
42.705099
42.724968
42.745065
42.765007
42.785299
42.805216
42.825178
42.845107
42.864901
42.885072
42.905003
42.925245
42.945196
42.965251
42.985057
43.004914
43.025007
43.045021
43.065198
43.085181
43.105143
43.125087
43.144962
43.165064
43.185255
43.205086
43.225005
43.245104
43.265164
43.285289
43.305105
43.324975
43.345042
43.365004
43.385063
43.405135
43.425158
43.445093
43.465034
43.485158
43.505170
43.525204
43.545165
43.565371
43.584932
43.605198
43.625034
43.645094
43.665290
43.685194
43.705282
43.724947
43.745020
43.765096
43.785055
43.805199
43.825085
43.845044
43.865105
43.884891
43.905046
43.924987
43.944883
43.965111
43.985104
44.005188
44.025163
44.045050
44.065105
44.084953
44.105084
44.125177
44.144998
44.165131
44.184895
44.205050
44.224875
44.244965
44.265312
44.285122
44.305134
44.324809
44.344966
44.364877
44.385129
44.405285
44.425078
44.445057
44.465207
44.484916
44.505012
44.525075
44.545079
44.565102
44.585227
44.605243
44.625067
44.644943
44.665014
44.684955
44.705083
44.725176
44.745165
44.765122
44.784978
44.805006
44.824994
44.844981
44.865165
44.885121
44.905120
44.925065
44.944960
44.964961
44.985005
45.004935
45.028622
45.045823
45.065696
45.085682
45.105318
45.125281
45.145286
45.165129
45.185364
45.205237
45.225262
45.244995
45.265072
45.285083
45.305044
45.325118
45.345355
45.365172
45.385224
45.404912
45.424989
45.445038
45.464978
45.485277
45.505326
45.525248
45.545078
45.564948
45.585061
45.604967
45.625067
45.645315
45.665151
45.685144
45.704814
45.724976
45.744985
45.764968
45.785301
45.805149
45.825161
45.845068
45.864883
45.885051
45.905107
45.925131
45.945334
45.965380
45.985099
46.005138
46.025018
46.045134
46.065236
46.085083
46.105594
46.125341
46.145215
46.165097
46.185071
46.205115
46.225103
46.245301
46.265047
46.285106
46.304959
46.324888
46.345123
46.364770
46.385164
46.405306
46.425133
46.445204
46.464996
46.485174
46.505089
46.525145
46.545319
46.565162
46.585107
46.604824
46.625007
46.645271
46.665204
46.685277
46.705090
46.725169
46.744805
46.765082
46.785085
46.805115
46.825382
46.845238
46.865051
46.885154
46.904930
46.924829
46.945006
46.964983
46.985343
47.005273
47.025179
47.045069
47.064925
47.085145
47.105020
47.125009
47.145217
47.165197
47.185181
47.205040
47.225215
47.245198
47.265043
47.285271
47.305179
47.325079
47.344790
47.365074
47.385036
47.404890
47.425173
47.445181
47.465255
47.485083
47.504969
47.525065
47.544962
47.565094
47.585216
47.605166
47.625281
47.645040
47.665002
47.685046
47.705000
47.725046
47.745245
47.765196
47.784908
47.804982
47.824877
47.845105
47.865052
47.885457
47.904989
47.925156
47.944894
47.965042
47.985036
48.005349
48.025137
48.045047
48.065036
48.084905
48.105168
48.125130
48.145175
48.165302
48.185261
48.205110
48.225092
48.245135
48.265227
48.285232
48.305213
48.324902
48.345320
48.365317
48.385386
48.405283
48.425359
48.445090
48.465219
48.485196
48.505194
48.525423
48.545105
48.565004
48.585233
48.605105
48.625179
48.645298
48.665260
48.684979
48.705166
48.725055
48.745068
48.765290
48.785134
48.805104
48.824903
48.845184
48.865059
48.885078
48.905369
48.925401
48.944907
48.965048
48.985085
49.005133
49.025199
49.045246
49.065279
49.085056
49.105049
49.125112
49.145534
49.165326
49.185140
49.204995
49.225082
49.245076
49.265273
49.285302
49.305055
49.324991
49.345018
49.365103
49.385028
49.405173
49.425108
49.445289
49.464902
49.485021
49.504980
49.525368
49.545317
49.565378
49.585066
49.605119
49.625118
49.645011
49.665215
49.685202
49.705127
49.724988
49.745124
49.765197
49.785211
49.805177
49.824948
49.844878
49.864950
49.884859
49.905247
49.925495
49.945044
49.965073
49.985113
50.005165
50.029646
50.045359
50.066249
50.085980
50.105928
50.125467
50.145097
50.165042
50.185457
50.205244
50.225027
50.245215
50.265213
50.285296
50.305233
50.325061
50.345036
50.365149
50.384983
50.405289
50.425149
50.445127
50.464935
50.485069
50.505070
50.525047
50.545362
50.565223
50.585041
50.605067
50.625016
50.645080
50.665246
50.685301
50.705199
50.724947
50.745032
50.765142
50.785320
50.805250
50.825294
50.845110
50.865181
50.885015
50.905146
50.925274
50.945101
50.965112
50.984931
51.004974
51.025058
51.045192
51.065194
51.085179
51.105024
51.125148
51.145017
51.165047
51.185215
51.205397
51.225212
51.245215
51.264937
51.285042
51.304968
51.325195
51.344942
51.365196
51.385171
51.405048
51.425016
51.445046
51.465061
51.485259
51.505089
51.525096
51.545032
51.565076
51.585102
51.605197
51.625258
51.645291
51.664922
51.685194
51.705050
51.725090
51.745351
51.765245
51.784975
51.805121
51.825054
51.845111
51.865422
51.885101
51.905246
51.924869
51.945139
51.965016
51.985097
52.005252
52.025109
52.044943
52.065094
52.085089
52.105261
52.125358
52.145160
52.165266
52.184963
52.205003
52.225039
52.245234
52.265162
52.285206
52.304921
52.325109
52.345024
52.365073
52.385129
52.405208
52.424953
52.445041
52.465161
52.485044
52.505220
52.525155
52.545036
52.565019
52.585120
52.605193
52.625289
52.645255
52.665034
52.685033
52.705065
52.724855
52.745114
52.765188
52.785170
52.804773
52.825061
52.845031
52.864989
52.885256
52.905155
52.925195
52.945025
52.965193
52.985075
53.005072
53.025150
53.045157
53.064980
53.085027
53.105144
53.125129
53.145370
53.165121
53.185131
53.204979
53.225104
53.245206
53.265158
53.285288
53.305314
53.325061
53.345097
53.365185
53.385323
53.405415
53.425299
53.445120
53.465105
53.485172
53.504925
53.525314
53.545191
53.565206
53.585029
53.605095
53.624999
53.645205
53.665163
53.685312
53.705173
53.724979
53.745053
53.764965
53.785171
53.805084
53.825126
53.844827
53.865264
53.885251
53.905308
53.925305
53.945266
53.965133
53.984984
54.004979
54.024975
54.045216
54.065010
54.085048
54.104982
54.124968
54.145005
54.165270
54.185248
54.205184
54.225098
54.245012
54.265040
54.285062
54.305103
54.325275
54.345302
54.364898
54.385052
54.405007
54.425215
54.445271
54.465154
54.485011
54.505115
54.525246
54.545248
54.565567
54.585200
54.605056
54.624828
54.645274
54.665299
54.685496
54.705288
54.725186
54.745039
54.765102
54.785087
54.805137
54.825337
54.845427
54.865281
54.885231
54.905166
54.925025
54.945475
54.965492
54.985116
55.004800
55.026214
55.045306
55.065230
55.085180
55.105179
55.125297
55.144881
55.165098
55.185212
55.205046
55.225444
55.245117
55.265089
55.285097
55.305202
55.325207
55.345159
55.365299
55.385035
55.405160
55.425061
55.445272
55.465317
55.485137
55.505061
55.525147
55.545131
55.565289
55.585207
55.605261
55.624970
55.645012
55.665166
55.685313
55.705341
55.725149
55.745069
55.765222
55.785088
55.805335
55.825138
55.845170
55.864994
55.885380
55.905321
55.925498
55.945415
55.965382
55.985243
56.005173
56.025282
56.045552
56.065257
56.085216
56.105202
56.125221
56.145211
56.165392
56.185343
56.205365
56.225197
56.245088
56.265101
56.285358
56.305256
56.325166
56.345126
56.365198
56.385138
56.405085
56.425333
56.445365
56.465267
56.485155
56.505121
56.525039
56.545383
56.565162
56.585267
56.605172
56.625109
56.645031
56.665462
56.685209
56.705177
56.725111
56.745198
56.765107
56.785473
56.805154
56.825207
56.845018
56.865198
56.885117
56.905455
56.925394
56.945066
56.965288
56.985132
57.005091
57.025268
57.045250
57.065118
57.085297
57.105338
57.125533
57.145419
57.165285
57.185138
57.205203
57.225198
57.245619
57.265363
57.285451
57.305270
57.325446
57.345204
57.365632
57.385413
57.405342
57.425149
57.445312
57.465326
57.485534
57.505324
57.525409
57.545440
57.565414
57.585207
57.605445
57.625341
57.645125
57.665067
57.685191
57.705277
57.725255
57.745267
57.765084
57.785152
57.805188
57.825146
57.845299
57.865258
57.885068
57.905184
57.925079
57.945194
57.965161
57.985241
58.004965
58.025115
58.045161
58.065145
58.085215
58.105610
58.125062
58.145174
58.165182
58.185472
58.205623
58.225284
58.245244
58.265302
58.285111
58.305221
58.325616
58.345294
58.365522
58.385037
58.405187
58.425123
58.445155
58.465207
58.485193
58.505046
58.525274
58.545127
58.565146
58.585367
58.605262
58.625111
58.645432
58.665188
58.685456
58.705211
58.725204
58.745299
58.764951
58.785295
58.805112
58.825112
58.845328
58.865361
58.885208
58.905289
58.925438
58.945251
58.965463
58.985699
59.005303
59.025292
59.045453
59.065597
59.085562
59.105148
59.125066
59.145209
59.165050
59.185517
59.205268
59.225161
59.245568
59.265287
59.285215
59.305416
59.325146
59.345305
59.365222
59.385042
59.405132
59.425371
59.445223
59.465581
59.485303
59.505074
59.525173
59.545444
59.565167
59.585685
59.605303
59.625219
59.645028
59.665306
59.685475
59.705276
59.725482
59.745194
59.765291
59.785098
59.805135
59.825215
59.845581
59.865599
59.885021
59.905300
59.925153
59.945199
59.965226
59.985423
60.005176
60.031275
60.045813
60.067641
60.087086
60.107191
60.126646
60.146310
60.166071
60.185565
60.205357
60.225316
60.245264
60.265427
60.285476
60.305205
60.325266
60.345286
60.365343
60.385567
60.405331
60.425463
60.444970
60.465304
60.485215
60.505243
60.525382
60.545338
60.565111
60.585118
60.605188
60.625304
60.645266
60.665224
60.685356
60.705045
60.725243
60.745174
60.765261
60.785426
60.805543
60.825199
60.845194
60.865289
60.885537
60.905388
60.925418
60.945224
60.965340
60.985255
61.005416
61.025934
61.046016
61.065676
61.085484
61.105210
61.125166
61.145230
61.165266
61.185274
61.205271
61.225240
61.245262
61.265180
61.285347
61.305116
61.325321
61.345575
61.365490
61.385463
61.405116
61.425223
61.445222
61.465257
61.485313
61.505332
61.525310
61.545085
61.565129
61.585191
61.605309
61.625476
61.645467
61.665214
61.685182
61.705307
61.725196
61.745283
61.765427
61.785373
61.805187
61.824959
61.845196
61.865175
61.885147
61.905276
61.925317
61.945129
61.965096
61.985149
62.005235
62.025154
62.045260
62.065363
62.085203
62.105244
62.125140
62.145290
62.165440
62.185437
62.205353
62.225167
62.245223
62.265328
62.285299
62.305428
62.325255
62.345524
62.365248
62.385271
62.405148
62.425320
62.445362
62.465403
62.485538
62.505284
62.525341
62.545327
62.565518
62.585500
62.605350
62.625448
62.645194
62.665274
62.685286
62.705235
62.725396
62.745593
62.765484
62.785318
62.805215
62.825204
62.845432
62.865364
62.885433
62.905430
62.925269
62.944991
62.965361
62.985200
63.005140
63.025196
63.045406
63.065126
63.085183
63.105151
63.125207
63.145220
63.165540
63.185344
63.205118
63.225234
63.245167
63.265221
63.285212
63.305247
63.325595
63.345260
63.365059
63.385375
63.405434
63.425279
63.445299
63.465319
63.485273
63.505091
63.525160
63.545119
63.565135
63.585204
63.605373
63.625426
63.645008
63.665183
63.685321
63.705130
63.725544
63.745279
63.765284
63.785206
63.804877
63.825207
63.845319
63.865316
63.885680
63.905265
63.925250
63.945069
63.965195
63.985089
64.005081
64.025292
64.045367
64.065316
64.085221
64.105200
64.125106
64.145104
64.165495
64.185522
64.205282
64.225460
64.245099
64.265213
64.285194
64.305192
64.325492
64.345442
64.365313
64.385299
64.405005
64.425223
64.445191
64.465131
64.485157
64.505228
64.525234
64.545088
64.565228
64.585323
64.605384
64.625474
64.645629
64.665517
64.685335
64.705328
64.725275
64.745244
64.765371
64.785708
64.805510
64.825401
64.845218
64.865346
64.885285
64.905258
64.925619
64.945286
64.965539
64.985497
65.005046
65.026668
65.045470
65.065585
65.085769
65.105627
65.125675
65.145454
65.165145
65.185323
65.205297
65.225373
65.245211
65.265347
65.285335
65.305171
65.325163
65.345348
65.365239
65.385386
65.405472
65.425319
65.445352
65.465018
65.485320
65.505325
65.525139
65.545645
65.565468
65.585636
65.605203
65.625322
65.645352
65.665480
65.685687
65.705444
65.725271
65.745264
65.765289
65.785382
65.805429
65.825567
65.845382
65.865298
65.885367
65.905086
65.925332
65.945127
65.965464
65.985740
66.005677
66.025426
66.045226
66.065058
66.085340
66.105212
66.125256
66.145269
66.165419
66.185315
66.205035
66.225055
66.245324
66.265158
66.285208
66.305262
66.325323
66.345228
66.365176
66.385069
66.405128
66.425183
66.445417
66.465339
66.485451
66.505274
66.525313
66.545192
66.565230
66.585225
66.605232
66.625461
66.645365
66.665316
66.685007
66.705204
66.725239
66.745226
66.765297
66.785443
66.805545
66.825143
66.845235
66.865156
66.885147
66.905291
66.925240
66.945354
66.965261
66.985080
67.005233
67.025209
67.045163
67.065686
67.085292
67.105608
67.125081
67.145249
67.165365
67.185239
67.205760
67.225377
67.245669
67.265149
67.284993
67.305267
67.325214
67.345181
67.365730
67.385579
67.405303
67.425374
67.445319
67.465215
67.485232
67.505197
67.525593
67.545306
67.565505
67.585160
67.605274
67.625348
67.645403
67.665478
67.685395
67.705484
67.725270
67.745183
67.765264
67.785149
67.805439
67.825593
67.845330
67.865294
67.885113
67.905208
67.925147
67.945220
67.965731
67.985335
68.005539
68.025348
68.045214
68.065194
68.085206
68.105284
68.125674
68.145440
68.165395
68.185100
68.205180
68.225170
68.245383
68.265646
68.285302
68.305165
68.325120
68.345200
68.365111
68.385171
68.405092
68.425257
68.445260
68.465248
68.485012
68.505044
68.525207
68.545226
68.565735
68.585360
68.605567
68.625265
68.645356
68.665334
68.685220
68.705528
68.725476
68.745490
68.765315
68.785311
68.805338
68.825367
68.845091
68.865358
68.885357
68.905445
68.925097
68.945253
68.965210
68.985399
69.005379
69.025369
69.045393
69.065384
69.085304
69.105290
69.125386
69.145353
69.165511
69.185103
69.205299
69.225504
69.245282
69.265314
69.285370
69.305382
69.325215
69.345242
69.365162
69.385410
69.405305
69.425321
69.445128
69.465294
69.485338
69.505534
69.525676
69.545310
69.565344
69.585165
69.605309
69.625618
69.645520
69.665314
69.685377
69.705156
69.725390
69.745123
69.765641
69.785416
69.805409
69.825237
69.845275
69.865267
69.885341
69.905460
69.925377
69.945412
69.965081
69.985091
70.005240
70.028895
70.045946
70.065962
70.085590
70.105437
70.125318
70.145404
70.165403
70.185557
70.205128
70.225273
70.245167
70.265276
70.285358
70.305383
70.325285
70.345331
70.365399
70.385380
70.405602
70.425501
70.445309
70.465129
70.485238
70.505218
70.525305
70.545476
70.565347
70.585230
70.605273
70.625362
70.645466
70.665461
70.685361
70.705168
70.725251
70.745279
70.765098
70.785325
71.081358
71.124433
71.151401
71.177119
71.207955
71.231435
71.254667
71.277093
71.304245
71.320371
71.347283
71.360499
71.391049
71.399543
71.429549
71.455461
71.468483
71.499321
71.514427
71.534625
71.560508
71.573494
71.604253
71.619390
71.639548
71.665513
71.678490
71.709258
71.724611
71.744222
71.774915
71.783552
71.813522
71.839496
71.852518
71.883279
71.898356
71.918586
71.949762
71.957365
71.988256
72.003353
72.023540
72.049526
72.062458
72.093255
72.108347
72.128543
72.154464
72.167557
72.198264
72.213352
72.233540
72.259459
72.272463
72.303258
72.318401
72.338555
72.364484
72.377479
72.408220
72.423364
72.443531
72.469484
72.482477
72.513222
72.528344
72.548518
72.574488
72.587344
72.618251
72.633455
72.654407
72.675502
72.704160
72.713304
72.742483
72.768164
72.781267
72.812115
72.827486
72.847125
72.877874
72.885262
72.916199
72.931573
72.951143
72.981962
72.989425
73.020243
73.035601
73.055219
73.085997
73.095024
73.124261
73.154960
73.164076
73.193383
73.224158
73.232887
73.262480
73.288201
73.301292
73.332160
73.347474
73.367136
73.397947
73.405380
73.436272
73.451392
73.471514
73.502698
73.510381
73.540727
73.566414
73.579226
73.610161
73.625467
73.645129
73.675945
73.683446
73.714254
73.729571
73.749206
73.780078
73.788589
73.818459
73.844197
73.857152
73.888032
73.908737
73.922850
73.952924
73.961990
73.991192
74.022153
74.030854
74.060533
74.091632
74.099265
74.129736
74.160786
74.168396
74.199135
74.214282
74.234171
74.265056
74.274078
74.303248
74.334177
74.342857
74.372472
74.397959
74.411206
74.441457
74.467408
74.480242
74.510501
74.541630
74.549319
74.579506
74.610624
74.618282
74.648528
74.674404
74.687133
74.718021
74.733020
74.753589
74.767840
74.797525
74.823385
74.836361
74.866474
74.892399
74.905213
74.936121
74.963218
74.971880
75.001428
75.034153
75.041935
75.071472
75.097371
75.110318
75.141154
75.156235
75.176588
75.202259
75.215247
75.246099
75.261204
75.281350
75.307211
75.320145
75.351112
75.365938
75.386257
75.412155
75.430831
75.456619
75.469582
75.500245
75.515358
75.535390
75.561088
75.574225
75.605129
75.620342
75.640050
75.665527
75.678217
75.709134
75.724108
75.744493
75.775590
75.783199
75.814589
75.828326
75.856096
75.864841
75.894763
75.909060
75.939231
75.970107
75.978897
76.008434
76.038848
76.053524
76.073074
76.103843
76.112962
76.142423
76.172881
76.182031
76.212325
76.240007
76.254610
76.276115
76.304020
76.318606
76.332593
76.352601
76.372893
76.392853
76.413016
76.432496
76.452435
76.472595
76.492686
76.512829
76.532696
76.552720
76.572609
76.592654
76.612688
76.632784
76.652863
76.672823
76.692604
76.712548
76.732771
76.752825
76.772951
76.792866
76.812654
76.832609
76.852664
76.872749
76.892756
76.912812
76.932902
76.952693
76.972547
76.992740
77.012795
77.032841
77.052779
77.072929
77.092565
77.112672
77.132672
77.152724
77.172752
77.192884
77.212663
77.232595
77.252691
77.272666
77.292816
77.312883
77.332981
77.352621
77.372783
77.392721
77.412745
77.432841
77.452869
77.472778
77.492534
77.512753
77.532806
77.552978
77.572865
77.592983
77.612558
77.632721
77.652731
77.672786
77.692846
77.712865
77.732787
77.752618
77.772732
77.792721
77.812881
77.832740
77.852920
77.872616
77.892731
77.912742
77.932839
77.952874
77.972917
77.992699
78.012615
78.032680
78.052663
78.073009
78.092825
78.112975
78.132617
78.152733
78.172672
78.192836
78.212866
78.232898
78.252712
78.272612
78.292721
78.312740
78.332918
78.352926
78.373006
78.392465
78.412755
78.432642
78.452859
78.472874
78.493008
78.512614
78.532573
78.552608
78.572749
78.592589
78.612825
78.632593
78.652596
78.672565
78.692633
78.712849
78.732745
78.752946
78.772498
78.792570
78.812520
78.832535
78.852758
78.872628
78.892499
78.912601
78.932747
78.952728
78.972902
78.992856
79.012992
79.032626
79.052598
79.072724
79.092669
79.112904
79.132888
79.152742
79.172584
79.192525
79.212601
79.232720
79.252780
79.272952
79.292564
79.312532
79.332694
79.352769
79.372741
79.392915
79.412682
79.432616
79.452624
79.472596
79.492857
79.512691
79.532949
79.552583
79.572765
79.592663
79.612926
79.632803
79.652865
79.672721
79.692465
79.712757
79.732778
79.752850
79.772770
79.793065
79.812723
79.832902
79.852838
79.872809
79.892992
79.912925
79.932697
79.952532
79.972697
79.992733
80.012985
80.032877
80.053039
80.072612
80.092655
80.112774
80.132848
80.152859
80.172874
80.192662
80.212615
80.232642
80.252749
80.272915
80.292735
80.312961
80.332578
80.352663
80.372672
80.392836
80.412874
80.432919
80.452713
80.472514
80.492739
80.512858
80.532587
80.553027
80.572938
80.592697
80.612544
80.632614
80.652600
80.672805
80.692926
80.712708
80.732605
80.752579
80.772627
80.792931
80.812614
80.832824
80.852506
80.872601
80.892819
80.912974
80.932997
80.952945
80.972622
80.992678
81.012755
81.032536
81.053036
81.072853
81.092924
81.112600
81.132715
81.152632
81.172802
81.192918
81.212960
81.232892
81.252520
81.272600
81.292707
81.312607
81.332464
81.352899
81.372868
81.392692
81.412790
81.432636
81.452591
81.472790
81.492798
81.512667
81.532906
81.552641
81.572697
81.592589
81.612745
81.632761
81.652679
81.672580
81.692616
81.712765
81.732768
81.752983
81.772904
81.792810
81.812652
81.832633
81.852846
81.872926
81.892938
81.912944
81.932624
81.952653
81.972663
81.992803
82.012914
82.032902
82.052760
82.072620
82.092853
82.112792
82.132784
82.152897
82.172926
82.192683
82.212753
82.232755
82.252874
82.272895
82.293030
82.312690
82.332648
82.352783
82.372732
82.393001
82.412795
82.433092
82.452617
82.472777
82.492676
82.512748
82.533033
82.552917
82.572777
82.592600
82.612787
82.632745
82.652817
82.673066
82.692908
82.712805
82.732565
82.752781
82.772741
82.792785
82.812989
82.832993
82.852734
82.872631
82.892765
82.912737
82.932855
82.952958
82.972877
82.992740
83.012537
83.032857
83.052780
83.072772
83.092806
83.112930
83.132607
83.152632
83.172695
83.192714
83.212785
83.232878
83.252895
83.272799
83.292613
83.312763
83.332708
83.352673
83.372897
83.392827
83.412770
83.432557
83.452866
83.472836
83.492898
83.512864
83.533005
83.552612
83.572653
83.592707
83.612638
83.632883
83.652928
83.672978
83.692676
83.712725
83.732631
83.752754
83.772657
83.792842
83.813003
83.832534
83.852720
83.872762
83.892842
83.912676
83.932751
83.953022
83.972519
83.992765
84.012800
84.032723
84.052694
84.072834
84.092973
84.112569
84.132821
84.152654
84.172648
84.192862
84.212889
84.232873
84.252606
84.272658
84.292722
84.312622
84.332718
84.352867
84.372935
84.392599
84.412800
84.432835
84.452673
84.473022
84.492862
84.512983
84.532751
84.552837
84.572911
84.592707
84.612940
84.632841
84.652960
84.672764
84.692578
84.712666
84.732668
84.752935
84.772897
84.792861
84.812491
84.832420
84.852619
84.872743
84.892695
84.912807
84.932848
84.952929
84.972715
84.992655
85.012725
85.034296
85.052643
85.072721
85.092816
85.112780
85.132733
85.152420
85.172626
85.192756
85.212750
85.232844
85.252839
85.273008
85.292830
85.312654
85.332785
85.352692
85.372635
85.392894
85.412819
85.432922
85.452780
85.472651
85.492621
85.512707
85.532765
85.552879
85.572796
85.593058
85.612764
85.632550
85.652640
85.672715
85.692767
85.712920
85.732954
85.753020
85.772499
85.792716
85.812694
85.832721
85.852845
85.872873
85.892904
85.912637
85.932575
85.952674
85.972707
85.992683
86.012856
86.032740
86.052677
86.072537
86.092585
86.112698
86.132653
86.152792
86.172772
86.192771
86.212796
86.232614
86.252492
86.272728
86.292615
86.312726
86.332665
86.352802
86.372922
86.392990
86.412436
86.432515
86.452590
86.472586
86.492678
86.512707
86.532683
86.552897
86.572527
86.592557
86.612631
86.632664
86.652785
86.672819
86.692850
86.712784
86.732425
86.752654
86.772760
86.792776
86.812940
86.832747
86.852839
86.872631
86.892513
86.912643
86.932583
86.952635
86.972990
86.992692
87.012866
87.032674
87.052585
87.072672
87.092785
87.112743
87.132941
87.152960
87.173083
87.192641
87.212599
87.232732
87.252647
87.272652
87.292799
87.312925
87.332999
87.352709
87.372372
87.392759
87.412734
87.432490
87.452871
87.472677
87.492991
87.512662
87.532635
87.552663
87.572725
87.592740
87.612879
87.632658
87.652526
87.672527
87.692589
87.712627
87.732665
87.752862
87.772836
87.792877
87.812670
87.832587
87.852711
87.872748
87.892707
87.912858
87.932883
87.952943
87.972445
87.992627
88.012793
88.032741
88.052971
88.072935
88.092931
88.112771
88.132542
88.152659
88.172666
88.192675
88.212873
88.232790
88.252817
88.272638
88.292566
88.312574
88.332658
88.352846
88.372761
88.392898
88.412883
88.432686
88.452491
88.472574
88.492692
88.512762
88.532862
88.552819
88.572845
88.592482
88.612576
88.632668
88.652611
88.672896
88.692730
88.712853
88.732718
88.752513
88.772685
88.792639
88.812735
88.832919
88.852868
88.872997
88.892604
88.912589
88.932662
88.952737
88.972808
88.992964
89.012879
89.032990
89.052679
89.072585
89.092725
89.112757
89.132833
89.152854
89.172920
89.193045
89.212621
89.232749
89.252801
89.272793
89.292990
89.312932
89.332939
89.352746
89.372629
89.392784
89.412734
89.432789
89.452956
89.472852
89.492960
89.512849
89.532671
89.552779
89.572757
89.592891
89.612912
89.632876
89.653051
89.672763
89.692624
89.712657
89.732874
89.752877
89.772959
89.792963
89.813039
89.832633
89.852462
89.872802
89.892741
89.912948
89.932899
89.952912
89.972653
89.992591
90.012778
90.034454
90.052805
90.072756
90.092848
90.112848
90.132508
90.152773
90.172661
90.192857
90.212809
90.232876
90.252680
90.272416
90.292760
90.312647
90.332722
90.352722
90.372920
90.392553
90.412678
90.432675
90.452886
90.472951
90.492920
90.512897
90.532838
90.552674
90.572908
90.592911
90.612935
90.632633
90.652865
90.672854
90.692825
90.712884
90.732767
90.752631
90.772716
90.792726
90.813026
90.832854
90.852722
90.872677
90.892731
90.912687
90.932968
90.952917
90.972658
90.992782
91.012764
91.032926
91.052947
91.073055
91.092624
91.112698
91.132628
91.153020
91.173011
91.192895
91.212717
91.232647
91.252784
91.272832
91.292781
91.313063
91.332966
91.352769
91.372840
91.392765
91.412828
91.433144
91.452947
91.472782
91.492632
91.512879
91.532820
91.552896
91.573039
91.592726
91.612692
91.632570
91.652908
91.672932
91.693052
91.712507
91.732828
91.752790
91.773012
91.792912
91.813082
91.832936
91.852761
91.872819
91.893013
91.912805
91.932790
91.952577
91.972762
91.992705
92.012708
92.032697
92.053099
92.072564
92.092894
92.112843
92.132922
92.152988
92.172559
92.192560
92.212585
92.232846
92.253047
92.272883
92.292965
92.312631
92.332742
92.352791
92.372809
92.392991
92.412786
92.432515
92.452835
92.472855
92.492759
92.512981
92.532858
92.552538
92.572639
92.592671
92.612903
92.632874
92.652862
92.672630
92.692782
92.712460
92.732909
92.752662
92.772567
92.792550
92.812603
92.832666
92.852754
92.872720
92.892687
92.912510
92.932636
92.952600
92.973008
92.992987
93.012620
93.032633
93.052715
93.072866
93.092843
93.112989
93.132674
93.152444
93.172765
93.192784
93.212797
93.232806
93.252877
93.272594
93.292816
93.312675
93.332763
93.353013
93.372547
93.392690
93.412658
93.432844
93.452934
93.472944
93.492713
93.512654
93.532882
93.552721
93.572834
93.592926
93.612604
93.632755
93.652552
93.672989
93.692839
93.712944
93.732499
93.752842
93.772836
93.792834
93.812843
93.832954
93.852754
93.872729
93.892645
93.912715
93.932867
93.952950
93.972581
93.992689
94.012693
94.032867
94.052864
94.072947
94.092622
94.112691
94.132569
94.152746
94.173050
94.192899
94.212573
94.232598
94.252683
94.272621
94.292789
94.312828
94.332685
94.352576
94.372722
94.392718
94.412819
94.432946
94.452614
94.472626
94.492626
94.512732
94.532801
94.552891
94.572587
94.592647
94.612705
94.632692
94.652778
94.672865
94.692625
94.712591
94.732535
94.752645
94.772798
94.793000
94.812520
94.832854
94.852763
94.872868
94.892874
94.912884
94.932504
94.952688
94.972709
94.992723
95.012809
95.038666
95.054189
95.074778
95.094146
95.113395
95.132781
95.152978
95.172723
95.192828
95.212741
95.232715
95.252815
95.273068
95.292839
95.312763
95.332923
95.352887
95.372850
95.392812
95.412831
95.432806
95.452584
95.472878
95.493019
95.512884
95.532880
95.552818
95.572695
95.592812
95.612843
95.632888
95.652552
95.672722
95.692819
95.712897
95.732927
95.752456
95.772754
95.792649
95.812850
95.832756
95.852943
95.872521
95.892688
95.912708
95.932850
95.952873
95.972808
95.992665
96.012758
96.032693
96.052902
96.072690
96.092803
96.112533
96.132723
96.152794
96.172836
96.192749
96.213105
96.232493
96.252381
96.272544
96.292686
96.312692
96.332797
96.352818
96.372914
96.392599
96.412672
96.432688
96.452708
96.473055
96.492625
96.512541
96.532675
96.552893
96.572776
96.592661
96.612607
96.632540
96.652652
96.672505
96.692840
96.712891
96.732653
96.752626
96.772716
96.792824
96.812774
96.832958
96.852734
96.872455
96.892686
96.912735
96.932761
96.953015
96.972500
96.992758
97.012839
97.032685
97.052668
97.072932
97.092690
97.112649
97.132753
97.152901
97.173026
97.192730
97.212691
97.232661
97.252623
97.272897
97.292904
97.312589
97.332819
97.352635
97.372691
97.393032
97.412906
97.432554
97.452615
97.472680
97.492855
97.512981
97.532808
97.552535
97.572708
97.592823
97.612839
97.632833
97.652819
97.672563
97.692356
97.712705
97.732783
97.752698
97.772789
97.792577
97.812642
97.832578
97.852829
97.872864
97.892725
97.912562
97.932641
97.952582
97.972729
97.992694
98.012817
98.032861
98.052685
98.072947
98.092786
98.112617
98.132648
98.152643
98.172693
98.192778
98.212747
98.232909
98.252553
98.272630
98.292845
98.312681
98.332882
98.352823
98.372627
98.392708
98.412810
98.433097
98.452710
98.472621
98.492511
98.512664
98.532653
98.552786
98.572692
98.592659
98.612540
98.632641
98.652743
98.672858
98.692946
98.712562
98.732885
98.752645
98.772783
98.792733
98.812905
98.832550
98.852779
98.872740
98.892801
98.912715
98.932844
98.952601
98.972492
98.992698
99.013145
99.033018
99.052808
99.072593
99.092921
99.112914
99.133041
99.153024
99.172914
99.192931
99.212757
99.232882
99.252843
99.272863
99.292665
99.312782
99.332756
99.352798
99.372876
99.393057
99.412509
99.432791
99.452894
99.472916
99.492889
99.512877
99.532589
99.552669
99.572636
99.592990
99.612785
99.632878
99.652492
99.672716
99.692668
99.712864
99.732843
99.752718
99.772481
99.792404
99.812457
99.832505
99.852706
99.872750
99.892568
99.912473
99.932458
99.952444
99.972537
99.992994
100.012772
100.037391
100.053858
100.073443
100.093220
100.112803
100.132920
100.152684
100.172628
100.192654
100.212943
100.232926
100.253035
100.272722
100.292758
100.312841
100.332822
100.352849
100.373012
100.392888
100.412778
100.432715
100.452915
100.472850
100.492927
100.512687
100.532806
100.552765
100.572830
100.593030
100.612803
100.632675
100.652648
100.672887
100.692960
100.712956
100.732762
100.752820
100.772784
100.792778
100.812839
100.832863
100.852667
100.872631
100.892782
100.912795
100.932903
100.952916
100.972599
100.992622
101.012676
101.032806
101.052982
101.072850
101.092543
101.112743
101.132676
101.152887
101.172660
101.192517
101.212469
101.232638
101.252737
101.272475
101.292790
101.312821
101.332913
101.352647
101.372569
101.392698
101.412620
101.432823
101.452847
101.472719
101.492621
101.512720
101.532830
101.552790
101.572976
101.592518
101.612768
101.632719
101.652936
101.672885
101.692815
101.712538
101.732670
101.752750
101.772922
101.792688
101.812595
101.832885
101.852906
101.873074
101.892747
101.912909
101.932614
101.952805
101.972760
101.992686
102.012894
102.032807
102.052907
102.072748
102.092728
102.112908
102.133099
102.152769
102.172849
102.192973
102.212809
102.232944
102.253005
102.272919
102.292732
102.312805
102.332801
102.353052
102.372842
102.392604
102.412935
102.432718
102.452873
102.472984
102.492975
102.512730
102.532780
102.553041
102.572878
102.592935
102.612710
102.632861
102.652709
102.672946
102.692955
102.712901
102.732696
102.752650
102.772914
102.793016
102.812999
102.832746
102.852625
102.872797
102.892872
102.913013
102.933065
102.952805
102.972865
102.992854
103.013041
103.032851
103.052979
103.072785
103.092817
103.112914
103.133245
103.153128
103.172807
103.192857
103.212839
103.232953
103.253080
103.273082
103.292942
103.312895
103.332765
103.352724
103.372994
103.392828
103.413026
103.432817
103.452789
103.472826
103.492799
103.513059
103.532665
103.552588
103.572791
103.592634
103.612961
103.632830
103.652795
103.672852
103.692761
103.712935
103.732671
103.752818
103.773030
103.792844
103.812813
103.832778
103.853045
103.872776
103.893106
103.912652
103.932920
103.952698
103.972877
103.992991
104.012891
104.032634
104.052680
104.072906
104.093079
104.112694
104.132987
104.152619
104.172647
104.192738
104.212976
104.232863
104.252958
104.272773
104.292660
104.312822
104.332610
104.353039
104.372795
104.392968
104.412875
104.432897
104.452879
104.472970
104.493054
104.512853
104.532518
104.552851
104.572839
104.593059
104.612945
104.633125
104.652902
104.672786
104.692867
104.713042
104.732709
104.753127
104.772528
104.792826
104.812654
104.832932
104.852815
104.873035
104.892624
104.912778
104.932709
104.952753
104.972964
104.992916
105.012758
105.036546
105.053369
105.072969
105.092817
105.112983
105.132884
105.152857
105.172799
105.192861
105.212793
105.232759
105.252884
105.272607
105.292783
105.312619
105.332774
105.352787
105.372942
105.392567
105.412742
105.432752
105.452684
105.472794
105.492913
105.512769
105.532618
105.552709
105.572663
105.592794
105.612875
105.632885
105.652615
105.672693
105.692740
105.712830
105.732788
105.752911
105.772547
105.792723
105.812660
105.832691
105.852774
106.221297
106.262583
106.288648
106.318851
106.342181
106.364596
106.385384
106.406906
106.421920
106.448006
106.462189
106.481846
106.507201
106.520832
106.551380
106.566440
106.586951
106.612223
106.627158
106.648195
106.673786
106.686834
106.717943
106.732599
106.753188
106.778784
106.791813
106.822851
106.837496
106.858151
106.883709
106.896820
106.927895
106.942447
106.963164
106.988750
107.001784
107.032867
107.047545
107.068171
107.093687
107.106769
107.137821
107.152441
107.173161
107.198691
107.211815
107.242604
107.257454
107.277934
107.303475
107.316773
107.347893
107.362548
107.383451
107.403295
107.428907
107.442789
107.473450
107.488516
107.508822
107.534453
107.547883
107.578420
107.593641
107.613856
107.639698
107.652863
107.683417
107.698632
107.718910
107.745118
107.758027
107.788571
107.803919
107.823910
107.849313
107.862845
107.893498
107.908619
107.928614
107.954340
107.967903
107.998439
108.013631
108.033819
108.059693
108.072861
108.103390
108.118633
108.138687
108.164440
108.177888
108.208464
108.223827
108.243844
108.269461
108.282768
108.313403
108.328525
108.348910
108.374296
108.393774
108.408292
108.439040
108.461131
108.486697
108.499872
108.530907
108.545491
108.566129
108.591460
108.604778
108.635842
108.650502
108.671122
108.696677
108.709776
108.741060
108.761170
108.775213
108.803145
108.812072
108.842117
108.867753
108.880778
108.911871
108.926506
108.947204
108.972714
108.985772
109.016871
109.031533
109.052184
109.077667
109.090807
109.121864
109.136511
109.157111
109.182675
109.195770
109.226807
109.241485
109.262161
109.287741
109.300798
109.331824
109.346477
109.367145
109.392169
109.407169
109.427913
109.453327
109.466678
109.497401
109.512617
109.532892
109.558277
109.571667
109.602412
109.617517
109.637605
109.663361
109.676771
109.707387
109.722454
109.742833
109.768249
109.781659
109.812374
109.827528
109.847926
109.873296
109.886684
109.917373
109.932441
109.952871
109.978209
109.991679
110.022309
110.044814
110.057907
110.082826
110.096657
110.126866
110.152270
110.165642
110.196368
110.211408
110.231860
110.257245
110.270624
110.301319
110.316411
110.336837
110.362203
110.375723
110.406442
110.421413
110.441859
110.467252
110.480766
110.511395
110.526430
110.546860
110.572233
110.585667
110.616331
110.631426
110.651865
110.677254
110.690741
110.721351
110.736413
110.756859
110.782188
110.795729
110.826342
110.841450
110.861838
110.887225
110.900694
110.931403
110.946475
110.966896
110.992251
111.005696
111.036698
111.057055
111.076731
111.090876
111.113842
111.141244
111.150030
111.180698
111.207403
111.222178
111.244260
111.264313
111.285382
111.313354
111.328130
111.350223
111.364154
111.394815
111.410028
111.429623
111.455388
111.468682
111.499430
111.514535
111.534822
111.560654
111.573785
111.604490
111.619565
111.639888
111.665299
111.678765
111.709418
111.724429
111.744879
111.770287
111.783764
111.814440
111.829477
111.849425
111.875028
111.888364
111.919044
111.934245
111.954424
111.980044
111.993357
112.024048
112.039120
112.059456
112.085146
112.098418
112.129055
112.144163
112.166041
112.186277
112.211314
112.241986
112.250648
112.280821
112.306247
112.319394
112.350097
112.365114
112.385543
112.413983
112.422618
112.452825
112.478236
112.491374
112.522141
112.537126
112.557818
112.583220
112.596337
112.627089
112.642055
112.662774
112.688230
112.701377
112.732149
112.747129
112.768150
112.798817
112.806477
112.837100
112.852222
112.872791
112.898242
112.911357
112.942087
112.957060
112.977768
113.003218
113.016300
113.047108
113.062064
113.082931
113.109895
113.118866
113.148793
113.174158
113.187391
113.218115
113.233064
113.253814
113.279152
113.292309
113.323081
113.338054
113.358544
113.384142
113.397391
113.428143
113.443226
113.463825
113.489170
113.502390
113.533117
113.548053
113.568779
113.594180
113.607351
113.638085
113.653078
113.673762
113.699142
113.712354
113.743148
113.758093
113.778766
113.804143
113.817348
113.848102
113.863042
113.883775
113.909130
113.922310
113.953110
113.968056
113.988779
114.018812
114.027839
114.057788
114.083132
114.096352
114.127093
114.142074
114.162753
114.188147
114.201325
114.232052
114.247020
114.267533
114.293132
114.306261
114.337116
114.351980
114.373467
114.399265
114.412299
114.443041
114.458005
114.478750
114.504119
114.522826
114.548393
114.562081
114.592181
114.622788
114.631843
114.661252
114.691769
114.700458
114.729284
114.754948
114.768098
114.798152
114.828824
114.837833
114.867238
114.897793
114.906454
114.935837
114.949877
114.980451
115.006094
115.019297
115.051001
115.065121
115.085553
115.111227
115.130200
115.151908
115.178857
115.187477
115.217438
115.243050
115.256336
115.287003
115.302094
115.322444
115.348073
115.366833
115.392353
115.405251
115.436042
115.451003
115.471741
115.497155
115.510330
115.541099
115.556127
115.576793
115.602232
115.615293
115.646082
115.661037
115.681800
115.707176
115.720336
115.751085
115.766023
115.786800
115.812140
115.825384
115.856152
115.871046
115.892017
115.911938
115.942826
115.951494
115.981397
116.007008
116.020270
116.051053
116.066021
116.086352
116.111986
116.125370
116.156063
116.171137
116.192142
116.220325
116.235037
116.255966
116.283496
116.298290
116.319397
116.341447
116.356284
116.376079
116.396112
1