TKK_open
URG open !
0.049637
0.073163
0.100621
0.122310
0.143297
0.163806
0.184035
0.203894
0.223139
0.242955
0.261579
0.280959
0.291519
0.301994
0.312453
0.322464
0.332322
0.342413
0.352465
0.362226
0.372300
0.382191
0.392427
0.402859
0.413729
0.423773
0.434195
0.444104
0.453986
0.464017
0.473972
0.484061
0.493918
0.504091
1.154148
1.196301
1.213457
1.227456
1.241688
1.254859
1.267347
1.280085
1.292517
1.304219
1.315820
1.326918
1.337913
1.349174
1.359262
1.370710
1.380124
1.390547
1.400487
1.410398
1.420077
1.430161
1.439638
1.449551
1.459549
1.469528
1.478898
1.489002
1.498225
1.507921
1.519519
1.528140
1.538436
1.547949
1.558337
1.568039
1.578299
1.588135
1.598264
1.607984
1.619052
1.628039
1.638290
1.647945
1.658250
1.685497
1.699282
1.710831
1.721810
1.732017
1.742300
1.752258
1.762587
1.772091
1.782300
1.792203
1.802299
1.811522
1.821848
1.831165
1.841539
1.851110
1.861391
1.870499
1.880404
1.890389
1.900399
1.909882
1.919800
1.929794
1.941342
1.949840
1.959831
1.969822
1.979803
1.989798
1.999821
2.009772
2.019822
2.029980
2.040057
2.049823
2.059792
2.069860
2.079798
2.089778
2.099972
2.109815
2.120218
2.129862
2.139856
2.149814
2.159770
2.237105
2.250468
2.264120
2.277321
2.289897
2.302705
2.314942
2.326567
2.339549
2.351337
2.362346
2.373237
2.383845
2.394462
2.404506
2.414733
2.425097
2.435005
2.444902
2.454535
2.464136
2.473785
2.483596
2.493239
2.503081
2.512361
2.522353
2.532136
2.542993
2.552371
2.562269
2.572025
2.582302
2.592005
2.602385
2.612142
2.622271
2.632007
2.642315
2.652004
2.662396
2.724549
2.739064
2.753951
2.766907
2.779285
2.791671
2.803504
2.815280
2.826981
2.838409
2.849267
2.859753
2.870071
2.879622
2.889815
2.899681
2.909942
2.919366
2.929334
2.938831
2.949093
2.958737
2.968278
2.977891
2.987927
2.997538
3.007242
3.017252
3.027190
3.037296
3.047194
3.057162
3.067544
3.077242
3.087228
3.097303
3.107247
3.117279
3.127366
3.137324
3.147241
3.157248
3.167429
3.220491
3.234852
3.248254
3.261375
3.273980
3.286272
3.298357
3.309906
3.321505
3.333294
3.344043
3.354913
3.365295
3.375376
3.385069
3.394822
3.405211
3.414694
3.424315
3.434587
3.444306
3.454201
3.463885
3.473899
3.483230
3.493203
3.503280
3.513173
3.524447
3.536931
3.545569
3.555489
3.565665
3.575486
3.585491
3.595503
3.605517
3.615529
3.625520
3.635802
3.645469
3.655471
3.665608
3.723275
3.737339
3.750797
3.763302
3.775591
3.788227
3.799792
3.811189
3.822202
3.833227
3.843384
3.853692
3.863740
3.874195
3.883842
3.893852
3.903172
3.913400
3.922698
3.933127
3.942185
3.952025
3.962002
3.972117
3.981323
3.991474
4.001491
4.011361
4.021384
4.031432
4.041354
4.051332
4.061375
4.071589
4.081397
4.091539
4.101471
4.111409
4.121395
4.131462
4.141394
4.151545
4.162209
4.171883
4.221508
4.241303
4.260222
4.274274
4.293016
4.310617
4.323060
4.340235
4.359534
4.372170
4.391569
4.410870
4.423754
4.441285
4.454148
4.471595
4.484399
4.501739
4.514188
4.531400
4.544185
4.563178
4.581177
4.593850
4.611084
4.623920
4.641463
4.654104
4.671895
4.740750
4.762173
4.783678
4.812875
4.833708
4.853457
4.873361
4.894184
4.919185
4.933421
4.951099
4.964236
4.982146
4.999578
5.012046
5.029661
5.041270
5.048159
5.058436
5.068205
5.078457
5.088249
5.098653
5.108216
5.118482
5.128130
5.138467
5.148171
5.158465
5.168158
5.178492
5.242292
5.258966
5.272570
5.286380
5.299220
5.311675
5.323683
5.335383
5.347065
5.358319
5.369364
5.380104
5.391108
5.401568
5.411637
5.422170
5.432429
5.442170
5.451861
5.462273
5.471672
5.481916
5.491426
5.501801
5.511240
5.521372
5.533782
5.542661
5.551700
5.561782
5.571442
5.581200
5.591053
5.601125
5.611028
5.621040
5.631256
5.641037
5.651021
5.661161
5.671019
5.681032
5.734227
5.751229
5.765037
5.778592
5.792132
5.805069
5.817657
5.830349
5.842062
5.853763
5.865440
5.876424
5.887542
5.898283
5.908283
5.918114
5.927958
5.938200
5.947728
5.957550
5.967352
5.977601
5.987287
5.997475
6.006906
6.016179
6.026120
6.035763
6.045507
6.055522
6.065598
6.075509
6.085515
6.095784
6.105530
6.115516
6.125519
6.135794
6.145515
6.155545
6.165629
6.175516
6.185523
6.230497
6.245805
6.259971
6.273787
6.287289
6.300503
6.313386
6.325909
6.338136
6.350020
6.361238
6.371938
6.382955
6.394683
6.405208
6.415075
6.425051
6.434774
6.444994
6.454542
6.464332
6.474054
6.483783
6.493923
6.503780
6.513670
6.523061
6.533019
6.542446
6.552111
6.562513
6.572125
6.582375
6.593551
6.603260
6.613038
6.623079
6.633155
6.643062
6.653252
6.663191
6.673057
6.683093
6.725643
6.740113
6.753794
6.767360
6.782054
6.794686
6.806587
6.818498
6.830082
6.841594
6.852403
6.863144
6.873391
6.883408
6.893719
6.903467
6.913702
6.922929
6.933070
6.942664
6.952948
6.962641
6.972229
6.982240
6.992147
7.001823
7.011541
7.021258
7.031202
7.040883
7.050912
7.061189
7.070888
7.080932
7.090899
7.100921
7.110935
7.121084
7.130984
7.140881
7.150855
7.161156
7.170912
7.180934
7.190898
7.271268
7.284953
7.298440
7.311364
7.323914
7.335575
7.347240
7.358939
7.370474
7.381392
7.391499
7.402448
7.411871
7.422310
7.431477
7.442630
7.451753
7.461948
7.471451
7.481270
7.491272
7.501349
7.510716
7.520446
7.537318
7.545119
7.554522
7.564319
7.574707
7.584232
7.594624
7.604239
7.614533
7.624210
7.634526
7.644170
7.654491
7.664317
7.674658
7.684201
7.694612
7.755984
7.769778
7.783637
7.796887
7.809343
7.822081
7.833918
7.844526
7.855384
7.866484
7.877029
7.887049
7.897310
7.907191
7.917349
7.926854
7.937032
7.946649
7.956345
7.966270
7.977927
7.987625
7.997643
8.007445
8.016884
8.026864
8.036244
8.046160
8.055923
8.066230
8.075855
8.086317
8.096030
8.106185
8.115889
8.126291
8.135940
8.146145
8.155865
8.166208
8.175880
8.186167
8.196043
8.254155
8.271685
8.285366
8.298668
8.311299
8.323768
8.335920
8.347795
8.359102
8.369989
8.380900
8.391676
8.401995
8.412020
8.422277
8.432359
8.442122
8.451697
8.461732
8.471282
8.481548
8.491434
8.501197
8.510896
8.526600
8.546360
8.559613
8.567231
8.576454
8.586740
8.597065
8.606725
8.616437
8.626892
8.636452
8.646772
8.657108
8.666839
8.676530
8.686816
8.696996
8.759924
8.781391
8.802202
8.822637
8.842663
8.862630
8.881853
8.900422
8.914166
8.934235
8.951666
8.964387
8.982176
8.999785
9.012449
9.030165
9.044018
9.063460
9.082073
9.098321
9.112349
9.130131
9.143241
9.161063
9.173860
9.191128
9.203784
9.282744
9.309968
9.331802
9.353544
9.374242
9.393982
9.413501
9.432258
9.450819
9.464283
9.482792
9.499985
9.513002
9.530554
9.553159
9.569537
9.576938
9.586893
9.596454
9.606756
9.616444
9.626887
9.636456
9.646730
9.656545
9.666729
9.676879
9.686759
9.696956
9.706725
9.738432
9.750026
9.760165
9.770449
9.780326
9.790285
9.799606
9.811643
9.821250
9.830209
9.840197
9.850174
9.859838
9.869517
9.879702
9.889572
9.898969
9.908500
9.918875
9.929063
9.938894
9.948549
9.959087
9.968530
9.978870
9.988510
9.998785
10.009522
10.019204
10.031160
10.039122
10.049959
10.059365
10.069205
10.079106
10.089419
10.099787
10.109187
10.127705
10.135140
10.145381
10.154923
10.165830
10.174944
10.184883
10.198577
10.205870
10.245459
10.254421
10.267801
10.277070
10.287469
10.296953
10.306828
10.316898
10.325717
10.335667
10.344941
10.354998
10.364985
10.375159
10.384965
10.395361
10.404964
10.414987
10.425105
10.434956
10.444956
10.455580
10.464948
10.475089
10.484979
10.495252
10.504965
10.515020
10.525104
10.535124
10.545144
10.554976
10.564983
10.574976
10.584954
10.595082
10.604936
10.614989
10.625074
10.634966
10.645674
10.655078
10.664999
10.674967
10.684899
10.695039
10.704984
10.735294
10.745988
10.755817
10.765637
10.776422
10.785156
10.795083
10.805109
10.814987
10.824208
10.834396
10.844034
10.854425
10.864075
10.874322
10.884324
10.894496
10.904227
10.914382
10.924266
10.934279
10.944015
10.954534
10.964037
10.974296
10.984096
10.994387
11.003984
11.014351
11.024162
11.034272
11.044058
11.054534
11.063986
11.074232
11.083986
11.094384
11.104006
11.114490
11.124156
11.134311
11.144053
11.154383
11.164189
11.181762
11.195816
11.209880
11.260387
11.273647
11.286100
11.295479
11.304688
11.314908
11.324490
11.334583
11.344808
11.354496
11.364909
11.374884
11.385125
11.394637
11.404646
11.414536
11.424504
11.434672
11.444786
11.454425
11.465277
11.478154
11.485408
11.495429
11.505258
11.515324
11.525517
11.535477
11.547175
11.555322
11.565254
11.575262
11.585283
11.595322
11.605234
11.618739
11.626362
11.635795
11.645992
11.655788
11.666312
11.675704
11.686026
11.695809
11.706077
11.715858
11.768514
11.782611
11.796221
11.810001
11.822413
11.834907
11.847141
11.858897
11.870489
11.882006
11.893373
11.903877
11.914462
11.924446
11.934533
11.943986
11.954372
11.965652
11.975088
11.984917
11.994616
12.004525
12.014351
12.024475
12.033844
12.043497
12.053289
12.062870
12.072896
12.082858
12.092885
12.102893
12.112923
12.123045
12.133014
12.142879
12.152979
12.162837
12.172876
12.182969
12.192938
12.202882
12.212843
12.223196
12.264117
12.278973
12.293057
12.306594
12.319495
12.332021
12.344961
12.357199
12.368880
12.379750
12.390879
12.401194
12.411080
12.421116
12.430794
12.441082
12.450642
12.460262
12.470233
12.479730
12.489980
12.499718
12.509758
12.519193
12.529048
12.538595
12.548289
12.558509
12.568109
12.578363
12.588325
12.598443
12.608111
12.618437
12.628077
12.638377
12.648109
12.658488
12.669015
12.678296
12.688116
12.698294
12.707959
12.718325
12.729797
12.791493
12.807289
12.821259
12.834700
12.847474
12.860265
12.872997
12.884996
12.900246
12.913471
12.924120
12.935174
12.945687
12.955918
12.966756
12.976165
12.986437
12.996481
13.006088
13.015775
13.026850
13.035764
13.045336
13.055883
13.065256
13.075164
13.084421
13.094618
13.104035
13.114020
13.123900
13.134081
13.144486
13.154105
13.163750
13.173998
13.183742
13.194884
13.203909
13.214272
13.227884
13.234984
13.290120
13.309866
13.324282
13.343450
13.362402
13.382144
13.401999
13.421099
13.433813
13.451388
13.465012
13.482070
13.494862
13.511973
13.524401
13.543861
13.562296
13.582804
13.593285
13.603685
13.614173
13.624467
13.635235
13.646451
13.657154
13.667910
13.678834
13.689743
13.700384
13.710679
13.721136
13.731406
13.741836
13.782518
13.795541
13.809827
13.822046
13.834049
13.847396
13.859855
13.871196
13.882133
13.893261
13.904280
13.916387
13.928411
13.941122
13.951231
13.961870
13.971975
13.982366
13.992517
14.003019
14.013419
14.023649
14.033948
14.044706
14.054638
14.065515
14.076049
14.087100
14.098282
14.105516
14.115310
14.125437
14.135337
14.145432
14.155484
14.165375
14.178994
14.186335
14.195881
14.206148
14.215888
14.226343
14.235853
14.246243
14.328445
14.342233
14.355569
14.368375
14.381171
14.392993
14.404356
14.415925
14.427228
14.438036
14.449007
14.459524
14.469883
14.481323
14.491010
14.500987
14.510686
14.521147
14.530366
14.540389
14.552322
14.561726
14.570775
14.581126
14.590182
14.604287
14.612124
14.622176
14.631659
14.641531
14.651624
14.661457
14.672413
14.681449
14.691494
14.701446
14.711427
14.721543
14.731419
14.741585
14.751575
14.824128
14.845394
14.859024
14.872497
14.885995
14.898372
14.910842
14.923149
14.934726
14.946253
14.957237
14.967475
14.977755
14.987322
14.997479
15.007468
15.017599
15.026847
15.037010
15.046475
15.056378
15.066227
15.076229
15.085909
15.095616
15.105848
15.115604
15.125255
15.134901
15.144935
15.155150
15.164920
15.174961
15.185056
15.194976
15.204941
15.214956
15.225111
15.234953
15.245109
15.255097
15.312316
15.326200
15.339825
15.353220
15.365742
15.378198
15.390243
15.401789
15.413118
15.423784
15.434685
15.445541
15.455663
15.465934
15.475881
15.486116
15.495544
15.505780
15.515123
15.525365
15.534665
15.544899
15.561438
15.569444
15.579236
15.588534
15.598617
15.608315
15.618902
15.628277
15.638645
15.648288
15.658672
15.668336
15.678601
15.688328
15.698772
15.708478
15.718892
15.728833
15.738768
15.748346
15.758802
15.806053
15.820063
15.833890
15.847321
15.859893
15.873001
15.887436
15.898991
15.910549
15.922249
15.933394
15.944253
15.954706
15.965082
15.974547
15.984508
15.994414
16.004473
16.014083
16.024009
16.037767
16.046878
16.057238
16.066970
16.076136
16.087239
16.095337
16.105395
16.115597
16.125374
16.135382
16.145387
16.155530
16.165518
16.175460
16.185462
16.195401
16.205415
16.215479
16.225612
16.235398
16.245394
16.255494
16.265437
16.294892
16.309696
16.319051
16.328849
16.340160
16.349537
16.362643
16.371168
16.381092
16.390777
16.400905
16.410690
16.420926
16.430022
16.439768
16.450153
16.459786
16.470061
16.479872
16.490141
16.499775
16.510244
16.519823
16.530090
16.539986
16.550189
16.559660
16.569753
16.580081
16.590065
16.599748
16.610063
16.621344
16.630199
16.639938
16.650171
16.659795
16.670064
16.679796
16.690073
16.699776
16.710077
16.719833
16.730061
16.739773
16.750158
16.759808
16.770035
16.834290
16.850891
16.864281
16.877883
16.890920
16.903339
16.915030
16.926392
16.937279
16.947468
16.957772
16.967686
16.978033
16.987897
16.997737
17.007496
17.017896
17.027199
17.037304
17.046690
17.056927
17.066474
17.076491
17.086143
17.095871
17.105863
17.116012
17.125401
17.135151
17.145209
17.155258
17.165144
17.175240
17.185280
17.195171
17.205202
17.215262
17.225360
17.235182
17.245246
17.255344
17.265153
17.275130
17.330065
17.343420
17.357126
17.370300
17.382733
17.395338
17.407826
17.419872
17.431541
17.442675
17.453568
17.469420
18.307802
18.401164
18.433238
18.462414
18.490743
18.513380
18.539977
18.561275
18.581475
18.601198
18.620390
18.641255
18.660049
18.674137
18.692323
18.710708
18.723782
18.742773
18.760384
18.773258
18.790409
18.803249
18.820974
18.874388
18.897507
18.921579
18.941152
18.954390
18.974404
18.991542
19.006493
19.023823
19.034328
19.045149
19.055632
19.066481
19.077269
19.093050
19.103573
19.113935
19.124664
19.135662
19.146975
19.157646
19.168911
19.179575
19.190103
19.200354
19.207423
19.217433
19.227649
19.237539
19.247472
19.257473
19.278642
19.295978
19.306952
19.316065
19.325423
19.366993
19.379666
19.391741
19.405430
19.419653
19.436255
19.447529
19.462704
19.475109
19.488384
19.497455
19.506952
19.517156
19.526721
19.536857
19.546179
19.557764
19.565945
19.575534
19.585462
19.595426
19.605482
19.615459
19.625467
19.643483
19.655174
19.665278
19.674894
19.683901
19.694180
19.706159
19.719213
19.741847
19.765026
19.787055
19.813192
19.864061
19.908669
19.922698
19.934223
19.945717
19.956944
19.967494
19.978157
19.988803
19.998731
20.008734
20.018728
20.028724
20.038099
20.048096
20.059401
20.069013
20.078608
20.088364
20.098481
20.108322
20.118011
20.127915
20.137970
20.147960
20.157464
20.167396
20.177470
20.187480
20.196932
20.206816
20.216780
20.226882
20.236151
20.246178
20.256124
20.266200
20.276059
20.286182
20.296098
20.306105
20.316048
20.326183
20.336048
20.346162
20.356073
20.366181
20.441188
20.454770
20.468701
20.480947
20.492859
20.504130
20.515101
20.525435
20.535599
20.545213
20.555145
20.565239
20.574945
20.584652
20.594371
20.604079
20.614183
20.624129
20.633993
20.643706
20.653705
20.663645
20.673430
20.682987
20.692971
20.702954
20.713157
20.722361
20.732203
20.742278
20.752235
20.762277
20.772290
20.782329
20.792183
20.802277
20.812226
20.822263
20.832216
20.842446
20.852285
20.862311
20.872189
20.925636
20.938601
20.951444
20.964035
20.975884
20.987760
20.999449
21.010466
21.021536
21.032471
21.043231
21.053969
21.063711
21.073521
21.083623
21.093523
21.103043
21.112989
21.122500
21.132419
21.142424
21.152417
21.162016
21.183749
21.202606
21.213485
21.234951
21.243510
21.251526
21.261588
21.271533
21.281570
21.291553
21.301658
21.311585
21.321643
21.331535
21.341655
21.351606
21.361632
21.371515
21.420306
21.433444
21.447517
21.460281
21.472052
21.484043
21.495858
21.506709
21.517445
21.527676
21.537848
21.547319
21.557457
21.567870
21.577234
21.586831
21.596970
21.606391
21.616324
21.625922
21.635886
21.645928
21.655946
21.665251
21.675181
21.684590
21.694704
21.704635
21.714590
21.724586
21.734616
21.744584
21.754593
21.764475
21.774527
21.784467
21.794576
21.804627
21.814572
21.824498
21.834519
21.844487
21.854578
21.864649
21.874589
21.907451
21.924414
21.937375
21.950601
21.963259
21.975204
21.987357
21.999238
22.010359
22.021368
22.032218
22.043016
22.053331
22.063347
22.073056
22.082867
22.092870
22.102739
22.112411
22.122106
22.131794
22.141819
22.151916
22.161629
22.171474
22.181372
22.191384
22.201163
22.210773
22.220482
22.229998
22.239982
22.250090
22.259979
22.270051
22.280017
22.290022
22.299993
22.310122
22.319929
22.330033
22.339957
22.350107
22.359904
22.370000
22.380003
22.400106
22.413776
22.423843
22.433343
22.446114
22.455110
22.465063
22.475133
22.485051
22.494592
22.504630
22.514212
22.524065
22.534058
22.544163
22.553752
22.563506
22.572814
22.582908
22.592867
22.602793
22.612811
22.622785
22.632886
22.642802
22.652776
22.662808
22.672811
22.682919
22.692814
22.702793
22.712840
22.723038
22.733224
22.742775
22.752818
22.762796
22.772841
22.782793
22.792726
22.802719
22.812762
22.822843
22.832760
22.842745
22.852721
22.862718
22.872799
22.882783
22.953902
22.980899
23.001821
23.022502
23.041417
23.059856
23.074396
23.091867
23.108484
23.122290
23.137198
23.151874
23.164305
23.178358
23.190781
23.202645
23.214390
23.226940
23.237320
23.247589
23.258220
23.268352
23.277812
23.287095
23.297111
23.307070
23.317236
23.327085
23.337235
23.347191
23.357182
23.367057
23.377178
23.387550
23.450757
23.473392
23.493707
23.513605
23.532233
23.549554
23.570014
23.583491
23.599678
23.613092
23.627221
23.641107
23.653528
23.666097
23.678863
23.690321
23.701422
23.712625
23.722828
23.733313
23.742430
23.750800
23.759882
23.769985
23.779876
23.789945
23.799888
23.810046
23.820240
23.830066
23.839960
23.850046
23.860283
23.870057
23.880010
23.890033
23.937849
23.951069
23.964115
23.977008
23.989163
24.001679
24.012750
24.023115
24.033331
24.043449
24.053886
24.063183
24.073387
24.082714
24.092859
24.102264
24.112377
24.122338
24.132318
24.141858
24.152010
24.161506
24.171247
24.181272
24.191301
24.200462
24.210599
24.220601
24.230534
24.240432
24.250532
24.260445
24.270565
24.280452
24.290432
24.300447
24.310498
24.320407
24.330475
24.340431
24.350541
24.360612
24.370502
24.380800
24.390576
24.430611
24.445467
24.458395
24.471844
24.483992
24.495855
24.507941
24.519470
24.531078
24.541673
24.551780
24.562048
24.572143
24.581885
24.591552
24.601251
24.611084
24.620785
24.630750
24.640707
24.650591
24.660278
24.670200
24.680166
24.690146
24.699797
24.709469
24.719322
24.729164
24.738827
24.748772
24.758912
24.768812
24.778796
24.788799
24.798795
24.808824
24.820754
24.828873
24.838885
24.848871
24.858895
24.868881
24.878832
24.888877
24.924180
24.941213
24.954022
24.967335
24.979232
24.991122
25.002514
25.013517
25.023839
25.034117
25.043687
25.053737
25.063681
25.073906
25.083251
25.093204
25.102674
25.112776
25.122608
25.132720
25.142307
25.152160
25.162172
25.172120
25.181572
25.191512
25.201493
25.211562
25.220887
25.230870
25.240817
25.250881
25.260868
25.270851
25.280848
25.290828
25.300873
25.310838
25.320824
25.330809
25.340787
25.350889
25.360814
25.370896
25.380893
25.390835
25.418984
25.436351
25.449536
25.462781
25.475709
25.487731
25.499833
25.511670
25.522868
25.533859
25.544245
25.554604
25.564813
25.576249
25.585893
25.595810
25.605800
25.615818
25.625236
25.635172
25.644753
25.654785
25.664291
25.674479
25.683604
25.693613
25.702987
25.713003
25.722957
25.732967
25.743202
25.752987
25.763041
25.772959
25.782910
25.793012
25.802925
25.812914
25.822924
25.832876
25.842947
25.852902
25.862944
25.872864
25.882920
25.892949
25.914890
25.929902
25.941352
25.952187
25.963254
25.974130
25.984621
25.995445
26.005700
26.015796
26.025520
26.035268
26.044840
26.054823
26.064950
26.074738
26.084221
26.094244
26.103891
26.113804
26.123830
26.134187
26.143190
26.153206
26.163241
26.173179
26.182559
26.192455
26.202599
26.212416
26.222560
26.232442
26.242470
26.252457
26.262495
26.272767
26.282488
26.292368
26.302585
26.312389
26.322406
26.332366
26.342462
26.352410
26.362407
26.372563
26.382432
26.392330
26.413948
26.427307
26.438298
26.447851
26.457954
26.467806
26.477904
26.487281
26.497421
26.507451
26.517412
26.526826
26.537036
26.546853
26.556950
26.566411
26.576623
26.585736
26.595716
26.605679
26.615718
26.625008
26.634994
26.645001
26.655035
26.665015
26.675075
26.685041
26.695054
26.705039
26.715167
26.725151
26.735044
26.745047
26.755071
26.765016
26.775099
26.785055
26.795136
26.805072
26.815069
26.825058
26.835052
26.845062
26.855034
26.865055
26.875052
26.885117
26.895066
26.970289
26.983265
26.996230
27.008825
27.020759
27.031710
27.042751
27.053814
27.064599
27.075330
27.085406
27.094912
27.104968
27.115331
27.124900
27.134315
27.144427
27.154450
27.164079
27.173873
27.183870
27.193996
27.203613
27.213365
27.223895
27.233461
27.243127
27.252792
27.262525
27.272047
27.282100
27.292047
27.302140
27.312060
27.322138
27.332053
27.342143
27.352030
27.362137
27.372314
27.382147
27.392170
27.464839
27.490640
27.512413
27.533381
27.552798
27.577683
27.593270
27.610506
27.624150
27.640398
27.653645
27.668587
27.681675
27.694455
27.708668
27.721058
27.732983
27.744949
27.757532
27.767803
27.778322
27.788789
27.798809
27.807713
27.817655
27.827575
27.837544
27.847654
27.857536
27.867460
27.877909
27.888045
27.898206
27.965318
27.991620
28.013023
28.033938
28.053421
28.072077
28.090803
28.105070
28.120928
28.134487
28.150604
28.163010
28.176801
28.190467
28.202062
28.213987
28.227158
28.239897
28.250726
28.260366
28.267999
28.278506
28.287628
28.297376
28.307340
28.317439
28.327301
28.337425
28.347335
28.357417
28.367354
28.377499
28.387362
28.397464
28.453236
28.466141
28.478916
28.491088
28.502866
28.514938
28.526413
28.537358
28.548168
28.559226
28.569697
28.579815
28.589602
28.599405
28.608938
28.618874
28.628370
28.638325
28.648305
28.658432
28.667918
28.677834
28.687334
28.697214
28.707179
28.717160
28.726945
28.736576
28.746548
28.756595
28.766583
28.776559
28.786562
28.796564
28.806547
28.816529
28.826635
28.836594
28.846537
28.856456
28.866588
28.876454
28.886538
28.896458
28.951803
28.965839
28.979124
28.991329
29.003223
29.015468
29.027004
29.038029
29.048673
29.058815
29.069084
29.079321
29.089144
29.098939
29.108977
29.118964
29.128634
29.138378
29.147994
29.157841
29.167528
29.177412
29.186915
29.196764
29.206699
29.216761
29.226286
29.236099
29.246047
29.255992
29.266050
29.276057
29.286044
29.296001
29.306074
29.316034
29.326093
29.336034
29.346077
29.356885
29.370588
29.377476
29.387242
29.397389
29.451988
29.466283
29.479295
29.491440
29.503707
29.514687
29.525647
29.536781
29.547563
29.557856
29.568060
29.579817
29.589673
29.599502
29.609494
29.619417
29.629071
29.638963
29.648626
29.658423
29.667995
29.677916
29.687337
29.697233
29.707195
29.717213
29.726701
29.736579
29.746608
29.756570
29.766726
29.776624
29.786680
29.796631
29.806595
29.818333
29.826607
29.836604
29.846587
29.856596
29.866518
29.876604
29.886719
29.896617
29.950297
29.963518
29.976433
29.989071
30.001200
30.012196
30.023167
30.033606
30.043810
30.054148
30.064376
30.074021
30.083965
30.093949
30.103910
30.113469
30.123286
30.133092
30.142793
30.152442
30.162513
30.172381
30.182373
30.191770
30.201775
30.211077
30.221095
30.231061
30.241072
30.251048
30.261111
30.271057
30.281064
30.291044
30.301089
30.311099
30.321060
30.331050
30.341059
30.351055
30.361114
30.371079
30.381092
30.391064
30.401173
30.432216
30.449649
30.462648
30.474921
30.487099
30.499018
30.510679
30.521715
30.532234
30.542581
30.552876
30.563141
30.573141
30.582721
30.592198
30.602218
30.612220
30.622201
30.631793
30.641659
30.651244
30.661264
30.671342
30.681187
30.690692
30.700518
30.710060
30.719861
30.730170
30.739764
30.749818
30.759776
30.769914
30.779840
30.789844
30.799791
30.809867
30.819758
30.829783
30.839777
30.849772
30.859764
30.869836
30.879830
30.889856
30.899818
30.926761
30.943546
30.956707
30.969671
30.982544
30.994599
31.006439
31.017925
31.028923
31.039835
31.050541
31.060807
31.070953
31.081359
31.091283
31.101050
31.110507
31.120649
31.130477
31.140441
31.150075
31.159939
31.169600
31.179480
31.189049
31.198815
31.208784
31.218882
31.228408
31.238119
31.248099
31.258199
31.268038
31.278118
31.288090
31.298149
31.308071
31.318220
31.328083
31.338132
31.347993
31.358086
31.368027
31.378099
31.388139
31.398124
31.424544
31.441323
31.453591
31.465535
31.477744
31.489436
31.500547
31.511617
31.522777
31.533384
31.543690
31.553918
31.564159
31.573898
31.588245
31.597349
31.607293
31.617286
31.627115
31.636842
31.646628
31.656293
31.666224
31.675636
31.685635
31.695634
31.705494
31.715016
31.725022
31.734996
31.744948
31.754968
31.764992
31.774991
31.784999
31.795099
31.805008
31.815137
31.825015
31.835026
31.844976
31.855032
31.864990
31.874992
31.884976
31.895042
31.904974
31.981548
32.006939
32.028188
32.049887
32.065935
32.083757
32.101737
32.116799
32.131433
32.145427
32.160297
32.172752
32.184761
32.198933
32.210987
32.222320
32.232986
32.243315
32.253655
32.263792
32.273678
32.283257
32.293292
32.303242
32.313379
32.323184
32.333108
32.343233
32.353232
32.363061
32.373260
32.383169
32.393257
32.403171
32.413306
32.472300
32.495936
32.519590
32.540020
32.558033
32.578180
32.593698
32.610995
32.625301
32.641010
32.653540
32.667802
32.681257
32.693035
32.705299
32.719407
32.731221
32.742383
32.753692
32.764209
32.774181
32.781553
32.791586
32.801375
32.810915
32.821006
32.830933
32.840952
32.850945
32.860944
32.870951
32.880925
32.890924
32.900965
32.910998
32.967001
32.981049
32.993979
33.006214
33.018442
33.030344
33.041970
33.053013
33.063743
33.074023
33.084261
33.094587
33.104325
33.114072
33.123680
33.133609
33.143657
33.153574
33.163311
33.173072
33.182720
33.192610
33.202606
33.212612
33.222131
33.231989
33.241423
33.251210
33.261373
33.271222
33.281288
33.291180
33.301285
33.311207
33.321275
33.331281
33.341281
33.351189
33.361312
33.371340
33.381280
33.391208
33.401332
33.411279
33.460909
33.474215
33.487210
33.499949
33.512225
33.524223
33.536328
33.547469
33.558445
33.569428
33.580373
33.592024
33.602264
33.612536
33.622296
33.632077
33.641775
33.651510
33.661497
33.671461
33.681229
33.690961
33.700726
33.710603
33.720599
33.730545
33.740219
33.749908
33.759803
33.769914
33.779609
33.789255
33.799158
33.809244
33.819216
33.829301
33.839167
33.849262
33.859202
33.869221
33.879121
33.889232
33.899195
33.909239
33.919271
33.942230
33.958303
33.970678
33.982652
33.993720
34.004759
34.015695
34.026516
34.036891
34.046970
34.056645
34.066227
34.075993
34.085855
34.095535
34.105481
34.115497
34.125253
34.135027
34.144828
34.154417
34.164098
34.173709
34.183600
34.193632
34.203551
34.213731
34.223741
34.233696
34.243639
34.253669
34.263582
34.273693
34.283604
34.293682
34.303539
34.313656
34.323552
34.333668
34.343582
34.353778
34.363596
34.373670
34.383583
34.393636
34.403593
34.413654
34.423619
34.482032
34.495830
34.508869
34.520826
34.533045
34.544965
34.556195
34.567345
34.578377
34.589390
34.599876
34.610147
34.620269
34.630523
34.640087
34.649988
34.659547
34.669590
34.679505
34.689398
34.699118
34.708963
34.718583
34.728704
34.737874
34.747781
34.757859
34.767824
34.777196
34.787102
34.797242
34.807188
34.818476
34.827133
34.837230
34.847164
34.857249
34.867238
34.877238
34.887254
34.897296
34.907287
34.917319
34.927220
34.982343
34.995617
35.008830
35.021220
35.033055
35.044894
35.056354
35.067371
35.078436
35.089457
35.099888
35.110230
35.119982
35.129897
35.139212
35.149311
35.159298
35.169297
35.178768
35.188802
35.198712
35.208905
35.218244
35.228338
35.238302
35.248277
35.257635
35.267655
35.277019
35.286939
35.296980
35.306938
35.317041
35.326945
35.336975
35.346946
35.356940
35.366965
35.376941
35.386946
35.396925
35.406992
35.416934
35.426891
35.482610
35.495680
35.508676
35.521047
35.533041
35.545005
35.556754
35.567615
35.578539
35.594328
35.604632
35.614637
35.624262
35.634093
35.644138
35.653918
35.663609
35.673369
35.683048
35.693178
35.703106
35.712970
35.722809
35.732642
35.742653
35.752385
35.761990
35.771746
35.781325
35.791346
35.801330
35.811265
35.821353
35.831244
35.841309
35.851234
35.861301
35.871265
35.881287
35.891261
35.901354
35.911402
35.921335
35.931307
35.983811
35.998019
36.011338
36.023651
36.035702
36.047021
36.058002
36.069019
36.079714
36.089968
36.100065
36.109708
36.119638
36.129766
36.139318
36.149160
36.158831
36.168692
36.178364
36.188121
36.198151
36.208072
36.217822
36.227485
36.237132
36.246778
36.256812
36.266801
36.276760
36.286754
36.296794
36.306821
36.316811
36.326793
36.336820
36.346785
36.356807
36.366760
36.376747
36.386782
36.396727
36.406815
36.416787
36.426772
36.436886
36.466400
36.483687
36.500959
36.516529
36.532011
36.545743
36.560350
36.572886
36.585615
36.599130
36.611207
36.622748
36.633800
36.645269
36.657531
36.668509
36.678871
36.689009
36.699390
36.708264
36.718127
36.728897
36.737987
36.748375
36.758034
36.768016
36.778102
36.787729
36.798031
36.808134
36.818275
36.828232
36.838015
36.848143
36.858028
36.868130
36.877980
36.887764
36.898771
36.908851
36.918719
36.928889
36.938034
37.012749
37.038149
37.060235
37.078123
37.094017
37.111971
37.129255
37.143549
37.159906
37.172608
37.186032
37.200587
37.212532
37.224291
37.236738
37.249283
37.260748
37.271191
37.281484
37.291548
37.301898
37.309662
37.318685
37.328684
37.338599
37.348547
37.358647
37.368639
37.378690
37.388614
37.398673
37.408691
37.418607
37.428528
37.438630
37.513418
37.526650
37.539756
37.552213
37.564005
37.575724
37.587235
37.599683
37.610643
37.621580
37.632031
37.642305
37.652549
37.662880
37.672370
37.682381
37.691801
37.701864
37.711881
37.721848
37.731334
37.741612
37.750869
37.760985
37.770883
37.780885
37.790204
37.800216
37.810234
37.820169
37.829519
37.839640
37.849653
37.859508
37.869589
37.879525
37.889594
37.899477
37.909530
37.919510
37.929489
37.939446
38.013082
38.025791
38.038635
38.050913
38.062701
38.074445
38.086442
38.097421
38.108328
38.119277
38.129836
38.139952
38.150017
38.159589
38.169677
38.179696
38.189360
38.198980
38.209014
38.219014
38.228770
38.238544
38.248743
38.258600
38.268145
38.278070
38.287640
38.297404
38.307398
38.317374
38.326957
38.336763
38.346819
38.356753
38.366715
38.376747
38.386868
38.396793
38.406730
38.416722
38.426692
38.436739
38.511226
38.524988
38.538545
38.550838
38.562901
38.574194
38.585119
38.595424
38.605738
38.615986
38.626075
38.635672
38.645481
38.655134
38.665214
38.675077
38.685002
38.694574
38.704676
38.714601
38.724545
38.734135
38.744155
38.754179
38.763993
38.773475
38.783363
38.792808
38.802845
38.812781
38.822798
38.832815
38.842802
38.852811
38.862773
38.872774
38.882830
38.892762
38.902839
38.912821
38.922839
38.932827
38.942788
38.996349
39.009658
39.022596
39.034954
39.046874
39.058848
39.070837
39.081886
39.092958
39.104093
39.114640
39.124932
39.134661
39.144517
39.154420
39.164554
39.174250
39.183930
39.193953
39.204063
39.213507
39.223486
39.233026
39.243032
39.252955
39.263001
39.272571
39.282304
39.291766
39.301673
39.311677
39.321665
39.331613
39.341650
39.351607
39.361716
39.371681
39.381708
39.391605
39.401691
39.411592
39.421694
39.431603
39.441687
39.496877
39.510685
39.524277
39.536633
39.548564
39.560736
39.572220
39.583384
39.598934
39.610231
39.620638
39.630850
39.641127
39.651095
39.660771
39.670408
39.680227
39.690076
39.700153
39.709900
39.719715
39.742934
39.750522
39.760168
39.770292
39.780375
39.789866
39.799520
39.821659
39.828594
39.838341
39.848232
39.858433
39.868487
39.878347
39.894771
39.906377
39.913084
39.923215
39.933133
39.943073
39.991618
40.004768
40.018480
40.031397
40.055020
40.068088
40.079155
40.090166
40.100531
40.110852
40.121220
40.140502
40.151973
40.161158
40.170785
40.180700
40.190506
40.200606
40.221444
40.229655
40.238851
40.248596
40.258269
40.268130
40.278161
40.299154
40.306386
40.315859
40.325908
40.335836
40.345907
40.355821
40.372637
40.383174
40.389891
40.399904
40.409994
40.419917
40.429883
40.440200
40.453289
40.517667
40.546037
40.557938
40.569836
40.582202
40.593627
40.604675
40.634001
40.644896
40.654376
40.664458
40.673770
40.683929
40.693846
40.703980
40.713388
40.723490
40.733355
40.743825
40.752865
40.762915
40.772828
40.782859
40.792147
40.802225
40.811455
40.821627
40.831504
40.841568
40.851467
40.861578
40.871575
40.881607
40.892113
40.901605
40.911563
40.921635
40.931482
40.941613
40.951571
41.031486
41.053531
41.074614
41.095851
41.113931
41.132585
41.150178
41.164346
41.181418
41.194872
41.210962
41.223775
41.238878
41.251669
41.263738
41.276880
41.290211
41.301738
41.313026
41.324190
41.336617
41.347185
41.357716
41.368258
41.378509
41.387508
41.397332
41.408198
41.418502
41.427742
41.438596
41.447446
41.457598
41.525503
41.551350
41.573162
41.593872
41.614415
41.632595
41.649684
41.663780
41.680138
41.693490
41.709465
41.722044
41.733931
41.747217
41.760251
41.771721
41.782939
41.794190
41.806075
41.816709
41.825332
41.834087
41.843926
41.853466
41.863381
41.873489
41.883371
41.893436
41.903350
41.913499
41.923350
41.933531
41.943353
41.953471
41.963360
42.015480
42.028683
42.041618
42.054531
42.066438
42.077670
42.088688
42.099615
42.111741
42.122237
42.132127
42.142003
42.151820
42.161921
42.171535
42.181346
42.191043
42.200858
42.210799
42.220857
42.230590
42.240487
42.250349
42.260463
42.270067
42.279642
42.289322
42.299005
42.308999
42.318990
42.328971
42.338949
42.348999
42.359006
42.369056
42.379058
42.388930
42.399007
42.408962
42.418960
42.428956
42.438998
42.448930
42.458951
42.468958
42.495457
42.511970
42.525131
42.538237
42.550359
42.562229
42.574032
42.585258
42.596026
42.606251
42.616531
42.626655
42.636718
42.646238
42.656085
42.665749
42.675832
42.685714
42.695515
42.705195
42.715080
42.725303
42.734576
42.744072
42.754066
42.763354
42.773492
42.783409
42.793435
42.803343
42.813461
42.823364
42.833418
42.843351
42.853478
42.863401
42.873480
42.883417
42.893478
42.903442
42.913497
42.923418
42.933498
42.943392
42.953482
42.963530
42.973450
43.049273
43.062725
43.076541
43.088754
43.100826
43.113036
43.124451
43.135443
43.146578
43.157685
43.168090
43.178535
43.188073
43.198091
43.208074
43.218098
43.227611
43.237540
43.247589
43.257608
43.267113
43.277044
43.286575
43.296564
43.306649
43.316616
43.325859
43.335819
43.345918
43.355871
43.365304
43.375190
43.385302
43.395208
43.405359
43.415244
43.425299
43.435233
43.445274
43.455242
43.465285
43.475283
43.548053
43.561988
43.574857
43.587258
43.599447
43.615653
43.626754
43.637918
43.648472
43.658773
43.668542
43.678470
43.688364
43.698326
43.707844
43.717835
43.727395
43.737374
43.747329
43.757382
43.766863
43.776966
43.786215
43.796088
43.806167
43.816188
43.825613
43.835471
43.845518
43.855460
43.865508
43.875467
43.885560
43.895493
43.905545
43.915620
43.925517
43.935479
43.945532
43.955499
43.965506
43.975487
44.032232
44.046081
44.059695
44.071672
44.083747
44.095935
44.107510
44.118761
44.129332
44.139640
44.149929
44.160272
44.169884
44.179882
44.189470
44.199350
44.208854
44.218788
44.228506
44.238390
44.248315
44.258382
44.267660
44.277648
44.287722
44.297662
44.306981
44.317037
44.326999
44.336987
44.347057
44.357028
44.367042
44.376990
44.387051
44.397019
44.407054
44.417048
44.427104
44.437037
44.446995
44.457025
44.467001
44.477015
44.533609
44.547718
44.560805
44.572808
44.584782
44.595864
44.606945
44.618033
44.628604
44.638772
44.648587
44.658335
44.668453
44.678344
44.687883
44.697904
44.707955
44.717346
44.728499
44.737798
44.747716
44.757674
44.767128
44.777078
44.787109
44.797085
44.806423
44.817392
44.826446
44.836486
44.846750
44.856334
44.866413
44.876217
44.886338
44.896214
44.906490
44.916266
44.926312
44.936313
44.946357
44.956310
44.966321
44.976296
45.033105
45.046707
45.059458
45.071509
45.083512
45.094492
45.105502
45.116580
45.127104
45.137908
45.147790
45.157408
45.167382
45.177444
45.186914
45.196900
45.206934
45.217014
45.226593
45.236482
45.246077
45.255951
45.265458
45.275237
45.285216
45.295232
45.304783
45.314643
45.324608
45.334596
45.344617
45.354619
45.364607
45.374588
45.384545
45.394609
45.404578
45.414629
45.424590
45.434540
45.444578
45.454616
45.464591
45.474580
45.542328
45.567217
45.590381
45.610863
45.629598
45.645094
45.662247
45.676959
45.691756
45.704966
45.720072
45.731916
45.743836
45.757466
45.769918
45.781140
45.792250
45.803260
45.813402
45.823716
45.834019
45.843874
45.853397
45.863436
45.873472
45.883323
45.893907
45.904103
45.913580
45.924167
45.933759
45.943493
45.953624
45.963593
45.973611
45.983414
46.011264
46.028356
46.042497
46.056216
46.071345
46.083876
46.097807
46.110385
46.121579
46.132910
46.144020
46.155071
46.165830
46.176063
46.186481
46.195689
46.205230
46.214927
46.225338
46.235434
46.245182
46.255191
46.265199
46.275174
46.285229
46.295218
46.305351
46.314969
46.325219
46.335334
46.345339
46.353263
46.363125
46.373356
46.383200
46.393225
46.403211
46.413302
46.423195
46.433248
46.443249
46.453250
46.463144
46.473311
46.483234
46.506323
46.522669
46.535051
46.547128
46.559418
46.571026
46.582194
46.593298
46.604242
46.614769
46.625076
46.635268
46.645648
46.655391
46.665287
46.675152
46.685327
46.694662
46.704764
46.714610
46.724842
46.734170
46.744125
46.753669
46.763760
46.773673
46.783825
46.793072
46.802997
46.813026
46.823008
46.832448
46.842385
46.852269
46.862362
46.872318
46.882453
46.892301
46.902371
46.912296
46.922356
46.932322
46.942406
46.952447
46.962396
46.972348
46.982398
47.004949
47.020287
47.031741
47.042754
47.053834
47.064795
47.075141
47.085390
47.095055
47.104976
47.114923
47.124985
47.134388
47.144462
47.154007
47.163866
47.173431
47.183394
47.193505
47.203422
47.212798
47.222811
47.232103
47.242130
47.252014
47.262181
47.272005
47.282106
47.292118
47.302087
47.312530
47.322072
47.332011
47.342075
47.351981
47.362169
47.371964
47.382027
47.392027
47.402080
47.411993
47.422056
47.432052
47.442070
47.452007
47.462138
47.472027
47.482063
47.503594
47.517507
47.527766
47.537470
49.225619
49.301527
49.317095
49.331719
49.345993
49.359944
49.374128
49.386877
49.399473
49.411484
49.422567
49.433618
49.444654
49.455391
49.465688
49.475670
49.485273
49.495189
49.505424
49.515126
49.524779
49.534700
49.544885
49.554588
49.564197
49.574045
49.583708
49.593697
49.603718
49.613494
49.623058
49.632932
49.642446
49.652462
49.662419
49.672414
49.682455
49.692397
49.702405
49.712449
49.722369
49.747214
49.761718
49.772750
49.783112
49.793183
49.802778
49.812839
49.825122
49.834756
49.844812
49.854875
49.864775
49.874348
49.884240
49.893941
49.903732
49.913430
49.923304
49.933198
49.943243
49.953020
49.962564
49.972207
49.981906
49.991817
50.001877
50.011819
50.021900
50.031839
50.041925
50.051818
50.061887
50.071829
50.081918
50.091781
50.101917
50.111840
50.121891
50.131864
50.141928
50.151811
50.161977
50.171864
50.181898
50.191804
50.201920
50.211818
50.221937
50.231828
50.289581
50.303216
50.316990
50.329026
50.340984
50.353183
50.364682
50.375680
50.386722
50.397674
50.408065
50.418304
50.427866
50.438095
50.447872
50.457868
50.467383
50.477367
50.486831
50.496889
50.506807
50.516923
50.526396
50.536609
50.546371
50.556469
50.565686
50.575690
50.585706
50.595745
50.605071
50.615062
50.625072
50.635134
50.645088
50.655075
50.665053
50.675140
50.685065
50.695060
50.705103
50.715119
50.725131
50.735098
50.790697
50.804679
50.817654
50.829778
50.841841
50.852948
50.863952
50.875167
50.885857
50.896096
50.906083
50.915809
50.925812
50.935709
50.945453
50.955093
50.964827
50.974653
50.984301
50.994200
51.004198
51.014235
51.023736
51.033453
51.043070
51.052889
51.062906
51.072895
51.083025
51.092841
51.102850
51.112866
51.122869
51.132839
51.142851
51.152855
51.162897
51.172838
51.182911
51.192861
51.202878
51.212863
51.222937
51.232827
51.292873
51.319571
51.340228
51.361882
51.405959
51.415897
51.425843
51.435774
51.445620
51.455162
51.465150
51.474562
51.484699
51.494236
51.504204
51.513553
51.523550
51.533551
51.543592
51.552936
51.562896
51.572911
51.582928
51.592931
51.602899
51.612915
51.623146
51.632927
51.642930
51.652940
51.662915
51.672885
51.682903
51.694917
51.705069
51.714884
51.725261
51.734800
51.782150
51.804686
51.830835
51.850517
51.868146
51.884341
51.902780
51.921426
51.935298
51.951392
51.964679
51.980052
51.991959
52.003675
52.015401
52.028036
52.040128
52.050518
52.060874
52.070144
52.080261
52.090267
52.099541
52.107666
52.117677
52.127528
52.137647
52.147534
52.157652
52.167568
52.177744
52.187563
52.197680
52.207622
52.217633
52.227650
52.237609
52.273091
52.290244
52.303837
52.317470
52.329777
52.341653
52.353789
52.365418
52.376433
52.387079
52.397296
52.407515
52.417883
52.427658
52.437503
52.447380
52.457539
52.466995
52.476914
52.486580
52.496468
52.506384
52.516564
52.526106
52.536063
52.546024
52.555930
52.565576
52.575283
52.585007
52.594656
52.604577
52.614676
52.624661
52.634682
52.644635
52.654630
52.664627
52.674606
52.684711
52.694597
52.704586
52.714643
52.724669
52.734619
52.766071
52.783651
52.796884
52.810078
52.823041
52.834926
52.846802
52.857975
52.869047
52.879996
52.890634
52.900819
52.910402
52.920403
52.930490
52.940464
52.950048
52.959866
52.969793
52.979840
52.989421
52.999312
53.008811
53.018860
53.028153
53.038171
53.047516
53.057578
53.067741
53.077617
53.087450
53.097516
53.107520
53.117487
53.127590
53.137533
53.147485
53.157551
53.167494
53.177574
53.187484
53.197613
53.207494
53.217523
53.227524
53.237496
53.262153
53.279970
53.293168
53.306375
53.319242
53.331495
53.343707
53.355543
53.367095
53.378134
53.388765
53.399026
53.409296
53.419470
53.429286
53.439004
53.448623
53.458533
53.468533
53.478492
53.488071
53.497956
53.507739
53.517522
53.527573
53.537669
53.547027
53.556844
53.566343
53.576121
53.586240
53.596163
53.606295
53.616123
53.627066
53.636137
53.646169
53.656153
53.666184
53.676107
53.686276
53.696197
53.706274
53.716148
53.726260
53.736156
53.760836
53.777228
53.789524
53.801450
53.812553
53.823493
53.834598
53.845602
53.855789
53.865943
53.875425
53.885519
53.895502
53.905305
53.914986
53.924830
53.934527
53.944538
53.954386
53.964265
53.973981
53.983974
53.993990
54.003821
54.013297
54.023320
54.033303
54.043112
54.052726
54.062673
54.072696
54.082669
54.092693
54.102672
54.112715
54.122667
54.132662
54.142710
54.152741
54.162659
54.172626
54.182679
54.192659
54.202669
54.212701
54.222879
54.232687
54.242676
54.318046
54.331341
54.344624
54.357213
54.369191
54.380079
54.391176
54.402188
54.412984
54.423239
54.433231
54.442772
54.452890
54.462895
54.472672
54.482214
54.492262
54.502331
54.511937
54.521711
54.531560
54.541332
54.551273
54.561313
54.571014
54.580576
54.590333
54.599902
54.609981
54.619874
54.630024
54.639939
54.649935
54.659873
54.670014
54.679911
54.690006
54.699940
54.710016
54.719900
54.730296
54.739893
54.801626
54.815305
54.830359
54.842407
54.854624
54.866525
54.877984
54.889113
54.900228
54.911291
54.921764
54.931975
54.942239
54.952268
54.961998
54.971701
54.981304
54.991440
55.001325
55.011089
55.020855
55.030757
55.040951
55.050592
55.060471
55.070178
55.079702
55.089607
55.099591
55.109491
55.118941
55.128985
55.138966
55.149021
55.158988
55.168967
55.179087
55.188993
55.199008
55.208961
55.218994
55.229014
55.238971
55.249024
55.301501
55.314891
55.327773
55.340506
55.352255
55.363399
55.374465
55.385656
55.396492
55.406714
55.417077
55.427366
55.437382
55.447059
55.456756
55.466402
55.476461
55.486461
55.496120
55.505900
55.515851
55.525917
55.535725
55.545483
55.555264
55.564719
55.574752
55.584821
55.594497
55.604048
55.614099
55.624053
55.637449
55.644088
55.654181
55.664077
55.674140
55.684101
55.694191
55.704070
55.714199
55.724167
55.734137
55.744093
55.754234
55.789737
55.807891
55.824417
55.842756
55.860166
55.874520
55.891647
55.906256
55.922307
55.934877
55.950226
55.962523
55.974463
55.988790
56.000798
56.012101
56.023422
56.034629
56.045884
56.056502
56.067397
56.078037
56.086903
56.096792
56.107046
56.117047
56.127028
56.136900
56.146987
56.157019
56.167171
56.177029
56.187124
56.196732
56.207001
56.217025
56.227149
56.236866
56.247024
56.257129
56.332218
56.355167
56.379843
56.399170
56.415788
56.432749
56.449743
56.463039
56.479011
56.492007
56.504172
56.518775
56.530880
56.542604
56.553823
56.565406
56.576764
56.588915
56.599543
56.609013
56.617690
56.626352
56.636250
56.646327
56.656235
56.666341
56.676382
56.686344
56.696258
56.706310
56.716430
56.726398
56.736232
56.746335
56.756194
56.831683
56.845390
56.858687
56.870797
56.882871
56.895127
56.906729
56.917843
56.928945
56.939934
56.950389
56.960775
56.971023
56.981301
56.990872
57.001026
57.010340
57.020445
57.029850
57.039809
57.049816
57.059832
57.069301
57.079347
57.089446
57.099436
57.108665
57.118651
57.127960
57.138072
57.147986
57.158006
57.167973
57.177979
57.187901
57.198067
57.207948
57.218003
57.228135
57.238052
57.247977
57.258034
57.334369
57.347868
57.360776
57.372936
57.385016
57.396059
57.407105
57.418172
57.429113
57.439301
57.449267
57.458804
57.468894
57.478832
57.488572
57.498445
57.508029
57.517898
57.527814
57.538083
57.547530
57.557338
57.567294
57.577336
57.587030
57.596661
57.606349
57.615976
57.626045
57.637050
57.646035
57.655955
57.666028
57.675939
57.686025
57.696011
57.706103
57.715977
57.726067
57.736232
57.746006
57.755934
57.834094
57.846930
57.859819
57.872447
57.884245
57.896101
57.907912
57.918942
57.929954
57.940945
57.951444
57.961774
57.971492
57.981443
57.991314
58.001364
58.010958
58.020841
58.030367
58.040365
58.049970
58.059829
58.069854
58.079816
58.089286
58.099116
58.108664
58.118508
58.128527
58.138516
58.148593
58.158514
58.168534
58.178536
58.188487
58.198498
58.208539
58.218653
58.228607
58.238479
58.248572
58.258571
58.316677
58.330329
58.343137
58.355286
58.367464
58.379366
58.390822
58.401875
58.412415
58.422534
58.432230
58.442237
58.452209
58.462121
58.471549
58.481471
58.491031
58.500985
58.510612
58.520581
58.530509
58.540740
58.550007
58.559950
58.569301
58.579118
58.589267
58.599192
58.609336
58.619167
58.629211
58.639159
58.649233
58.659310
58.669300
58.679254
58.689255
58.699206
58.709236
58.719204
58.729470
58.739175
58.749266
58.759225
58.815136
58.828707
58.841586
58.854082
58.866064
58.877090
58.888090
58.899246
58.909958
58.920261
58.930174
58.939844
58.949942
58.959838
58.969803
58.979286
58.989322
58.999291
59.009024
59.018816
59.028524
59.038435
59.048405
59.058280
59.067994
59.077637
59.087291
59.096993
59.107033
59.117039
59.126994
59.137074
59.147016
59.156994
59.166994
59.177002
59.187045
59.197029
59.207033
59.217023
59.227033
59.236966
59.247008
59.257027
59.314121
59.327154
59.340134
59.352662
59.364519
59.376500
59.387938
59.398928
59.409592
59.419849
59.430189
59.440603
59.450377
59.460138
59.470246
59.480455
59.489835
59.499598
59.509155
59.519109
59.528726
59.538673
59.548738
59.558608
59.568076
59.578030
59.587838
59.597976
59.607379
59.617305
59.627275
59.641588
59.648351
59.658308
59.668221
59.678281
59.688367
59.698319
59.708163
59.718302
59.728351
59.738325
59.748345
59.758264
59.815284
59.831867
59.845536
59.858782
59.871176
59.883494
59.894702
59.905775
59.916943
59.927755
59.938069
59.948414
59.958684
59.968810
59.978452
59.988644
59.998421
60.008264
60.017936
60.027585
60.037298
60.047125
60.056913
60.066828
60.076803
60.086536
60.096169
60.106158
60.116088
60.125935
60.135379
60.145499
60.155412
60.165580
60.175496
60.185573
60.195500
60.205520
60.215449
60.225617
60.235444
60.245524
60.255404
60.265638
60.303251
60.324209
60.343822
60.362256
60.380133
60.394748
60.412995
60.429814
60.443015
60.457270
60.470968
60.482668
60.494484
60.508378
60.520148
60.531160
60.541455
60.551641
60.561601
60.571646
60.581095
60.590933
60.601107
60.611013
60.621035
60.631002
60.640975
60.651006
60.660784
60.670981
60.680970
60.690892
60.700998
60.711130
60.721007
60.731291
60.741070
60.750978
60.760880
60.770977
60.850901
60.873375
60.898012
60.920392
60.937504
60.954148
60.971339
60.985491
61.001172
61.014409
61.029840
61.042354
61.054883
61.068749
61.080776
61.091783
61.102984
61.114180
61.124582
61.133689
61.142035
61.151933
61.161394
61.171288
61.181312
61.191248
61.201293
61.211319
61.221401
61.231258
61.241348
61.251275
61.261365
61.271240
61.346310
61.359769
61.372819
61.385328
61.397327
61.409153
61.420810
61.431809
61.442482
61.452812
61.463041
61.473335
61.483160
61.493019
61.502381
61.512465
61.522327
61.532460
61.541959
61.551859
61.561888
61.571823
61.581420
61.591452
61.600897
61.610701
61.620704
61.630847
61.641145
61.650053
61.659960
61.670064
61.679977
61.690035
61.700113
61.710046
61.719989
61.730106
61.739993
61.750049
61.760016
61.770027
61.847067
61.859933
61.872835
61.885089
61.896975
61.908097
61.919440
61.930417
61.941252
61.951482
61.961836
61.972052
61.981995
61.991564
62.001431
62.011123
62.021140
62.031084
62.040820
62.050599
62.060702
62.070537
62.080372
62.090141
62.099788
62.109509
62.119405
62.129425
62.139241
62.148767
62.158813
62.168760
62.178761
62.188742
62.198786
62.208814
62.218762
62.228815
62.238767
62.248782
62.258831
62.268795
62.345397
62.358920
62.372627
62.384858
62.396773
62.407984
62.419093
62.430133
62.440970
62.451265
62.461350
62.470919
62.480968
62.490903
62.500857
62.510392
62.520228
62.529854
62.539850
62.549525
62.559409
62.569388
62.579136
62.588684
62.598695
62.608630
62.618542
62.627972
62.638027
62.648010
62.658041
62.667998
62.677971
62.687932
62.698016
62.707928
62.718118
62.728253
62.738052
62.747992
62.758084
62.768013
62.827610
62.840639
62.853403
62.865810
62.877793
62.889629
62.901074
62.911911
62.922969
62.933963
62.944235
62.954370
62