0.022413
0.034557
0.046151
0.057495
0.068548
0.079220
0.089264
0.099258
0.109213
0.119104
0.128615
0.138440
0.148038
0.157661
0.167518
0.184963
0.192971
0.202791
0.212807
0.222437
0.232187
0.241792
0.251755
0.261452
0.271472
0.281439
0.291443
0.301439
0.311438
0.321449
0.331464
0.341467
0.351487
0.361569
0.371430
0.381532
0.391476
0.401442
0.411640
0.421471
0.431444
0.441467
0.451480
0.461479
0.471562
0.481619
0.491458
0.502164
0.511450
0.521406
0.531422
0.541411
0.551502
0.561418
0.571358
0.581556
0.591418
0.601445
0.611437
0.621402
0.631397
0.641376
0.651466
0.661399
0.671410
0.681514
0.691404
0.701419
0.711425
0.721435
0.731509
0.741407
0.751438
0.761378
0.771399
0.781413
0.791430
0.801402
0.811408
0.821404
0.831383
0.841425
0.851452
0.861434
0.871414
0.881456
0.891544
0.901367
0.911387
0.921327
0.931380
0.941340
0.951438
0.961433
0.971437
0.986254
0.992964
1.002941
1.016798
1.023270
1.033569
1.043544
1.053588
1.064812
1.074377
1.085918
1.094681
1.105453
1.114270
1.124349
1.136565
1.146357
1.156322
1.166306
1.176305
1.186278
1.196468
1.206274
1.216285
1.226260
1.236269
1.246291
1.256313
1.266288
1.276251
1.286297
1.296305
1.306290
1.316287
1.326276
1.336291
1.346297
1.356266
1.366252
1.380161
1.386861
1.396711
1.406568
1.416561
1.426829
1.436841
1.446806
1.456859
1.466776
1.476870
1.486865
1.496864
1.506907
1.516875
1.526867
1.536854
1.546556
1.556500
1.566502
1.576453
1.586602
1.596661
1.606792
1.616726
1.626709
1.636720
1.646736
1.656733
1.668193
1.676676
1.686617
1.696608
1.706736
1.723123
1.729989
1.739665
1.749843
1.760136
1.771602
1.779621
1.789588
1.799589
1.810142
1.819607
1.830116
1.839596
1.849574
1.859945
1.869920
1.880175
1.889596
1.899566
1.909655
1.919811
1.929644
1.939680
1.949699
1.959791
1.969673
1.979631
1.989644
1.999796
2.009667
2.019695
2.029664
2.039649
2.049641
2.059624
2.069712
2.079652
2.090157
2.099655
2.109615
2.119776
2.129757
2.139671
2.149643
2.159642
2.169681
2.183753
2.190294
2.200220
2.210183
2.220381
2.230198
2.240304
2.250196
2.260206
2.270196
2.280232
2.298381
2.305429
2.315057
2.325186
2.335028
2.345181
2.355028
2.365053
2.375057
2.385039
2.396199
2.408788
2.416466
2.425999
2.444211
2.461133
2.481210
2.488057
2.507468
2.518619
2.528998
2.538359
2.548962
2.558597
2.568212
2.589460
2.603093
2.616061
2.631069
2.650724
2.664411
2.670918
2.685913
2.698888
2.711958
2.730323
2.742260
2.752845
2.762396
2.773177
2.783753
2.790014
2.802175
2.813831
2.822409
2.830324
2.840951
2.850945
2.860572
2.870445
2.880145
2.890768
2.900157
2.910515
2.920686
2.934309
2.944858
2.951324
2.961739
2.972181
2.981701
2.991331
3.001877
3.011509
3.021402
3.031440
3.044820
3.052724
3.061372
3.072599
3.081401
3.091339
3.101342
3.111450
3.121375
3.131530
3.142014
3.151315
3.161290
3.171834
3.181441
3.191810
3.201388
3.211297
3.221374
3.231318
3.241920
3.251347
3.261777
3.271417
3.281863
3.291452
3.301418
3.311374
3.321325
3.331767
3.341348
3.351298
3.361415
3.371409
3.381384
3.391389
3.401315
3.411411
3.421351
3.431336
3.441353
3.453242
3.461332
3.471309
3.481318
3.491320
3.501702
3.511249
3.521305
3.542009
3.549304
3.558631
3.568556
3.578580
3.588477
3.598472
3.609147
3.618576
3.628676
3.638641
3.648613
3.658636
3.668568
3.678580
3.688583
3.698580
3.717060
3.730976
3.748916
3.760621
3.787340
3.795350
3.804169
3.813825
3.823841
3.833909
3.844887
3.855023
3.873931
3.908807
3.917278
3.927862
3.936053
3.947164
3.956422
3.965824
3.975376
3.991702
3.998876
4.009422
4.019093
4.032587
4.060774
4.078894
4.103318
4.111637
4.123632
4.132006
4.141898
4.152732
4.164773
4.176713
4.189062
4.200769
4.209945
4.218382
4.228741
4.238174
4.249602
4.257407
4.267508
4.277610
4.287549
4.297234
4.307869
4.319656
4.331990
4.343272
4.353126
4.363074
4.376592
4.388291
4.400404
4.412635
4.423177
4.431811
4.440650
4.449757
4.459704
4.469693
4.482421
4.489763
4.499753
4.510795
4.519893
4.529677
4.539690
4.549889
4.559680
4.569854
4.579749
4.589656
4.599701
4.609783
4.623378
4.629862
4.639901
4.649867
4.660113
4.669881
4.680019
4.689844
4.699833
4.709857
4.719825
4.729865
4.739859
4.749846
4.759854
4.769836
4.780047
4.789885
4.799919
4.809915
4.819872
4.829917
4.839883
4.849907
4.859889
4.869883
4.880018
4.889968
4.900608
4.909863
4.919899
4.932163
4.942053
4.954595
4.964500
4.978036
4.984804
4.995088
5.004518
5.014519
5.024489
5.034487
5.047795
5.054625
5.065028
5.074671
5.084928
5.094519
5.104563
5.114584
5.124591
5.135036
5.144660
5.154651
5.164635
5.174669
5.184726
5.194677
5.205079
5.214798
5.227271
5.234818
5.244757
5.255119
5.264679
5.275211
5.284765
5.295001
5.304748
5.314735
5.325193
5.334752
5.344743
5.354732
5.364741
5.374777
5.384761
5.394901
5.404887
5.416895
5.425262
5.435207
5.445273
5.455594
5.466077
5.475635
5.485945
5.495808
5.506205
5.515254
5.525277
5.535216
5.545244
5.555190
5.565208
5.575452
5.585562
5.595587
5.605814
5.615426
5.625440
5.635469
5.645456
5.655471
5.665475
5.675485
5.685495
5.695473
5.705495
5.715497
5.725529
5.735536
5.745454
5.755468
5.765450
5.777303
5.785447
5.795461
5.805599
5.815516
5.825480
5.835447
5.845482
5.855468
5.865480
5.875470
5.885457
5.895469
5.906130
5.915491
5.925489
5.935481
5.945431
5.955416
5.965431
5.975444
5.985466
5.995434
6.005897
6.018490
6.026121
6.035448
6.045853
6.055451
6.065427
6.075380
6.085417
6.095803
6.105521
6.116035
6.125405
6.135425
6.145812
6.155447
6.165807
6.175413
6.185407
6.195366
6.205413
6.215488
6.225386
6.235428
6.245412
6.255399
6.265445
6.275412
6.285374
6.295379
6.305390
6.315594
6.325478
6.335473
6.345462
6.355431
6.365478
6.375475
6.385451
6.395457
6.405453
6.415572
6.425475
6.435511
6.445436
6.455488
6.465504
6.475468
6.485465
6.495468
6.505578
6.527137
6.537509
6.544449
6.554446
6.566748
6.577766
6.584831
6.594898
6.625573
6.632485
6.642088
6.652114
6.662180
6.672270
6.682054
6.694049
6.702159
6.712681
6.722737
6.732396
6.742697
6.764913
6.771853
6.781499
6.792292
6.802096
6.811594
6.821643
6.831756
6.841751
6.851346
6.861380
6.871369
6.881320
6.891338
6.901368
6.911370
6.921438
6.931838
6.941969
6.951513
6.961530
6.971540
6.981509
6.991533
7.003315
7.012334
7.022175
7.032075
7.042121
7.052046
7.061706
7.072532
7.083420
7.110669
7.128118
7.145337
7.163830
7.174795
7.187759
7.199653
7.211988
7.218646
7.229336
7.244707
7.251819
7.261612
7.275050
7.284929
7.294057
7.303602
7.314742
7.326009
7.336881
7.349775
7.362278
7.373293
7.383037
7.394304
7.402010
7.411105
7.427459
7.437328
7.444517
7.453998
7.467228
7.474364
7.485207
7.495865
7.506197
7.514127
7.523934
7.533894
7.544084
7.553897
7.563860
7.573880
7.583882
7.593914
7.603877
7.614019
7.626889
7.633903
7.653367
7.659957
7.670416
7.680005
7.689911
7.699889
7.709953
7.719861
7.729846
7.739873
7.750074
7.759897
7.769916
7.785065
7.791865
7.801552
7.811751
7.821579
7.832156
7.841623
7.852823
7.861585
7.871562
7.886894
7.896351
7.906236
7.916262
7.926393
7.936322
7.946270
7.956301
7.966278
7.976300
7.986287
7.996303
8.006265
8.016092
8.026084
8.036125
8.051470
8.057998
8.067920
8.077973
8.088391
8.098331
8.108215
8.117770
8.127812
8.137785
8.147769
8.157993
8.167720
8.177775
8.187733
8.198063
8.208205
8.218177
8.228228
8.238376
8.248250
8.258224
8.268403
8.277960
8.288039
8.298022
8.308030
8.317982
8.327963
8.346752
8.353274
8.363197
8.373237
8.383286
8.393277
8.403353
8.413574
8.423390
8.433354
8.443419
8.453390
8.463611
8.473433
8.483446
8.493685
8.503690
8.514155
8.523665
8.533667
8.543675
8.553732
8.563696
8.573848
8.583691
8.593688
8.603675
8.625056
8.632206
8.641553
8.651519
8.661518
8.671853
8.681546
8.691537
8.701533
8.711568
8.721530
8.731545
8.772032
8.791789
8.806500
8.816295
8.823083
8.832913
8.843004
8.852905
8.863087
8.872924
8.882971
8.892940
8.912779
8.919683
8.929301
8.939229
8.949221
8.959266
8.969224
8.979402
8.989199
9.002565
9.009323
9.019344
9.029293
9.040383
9.051256
9.060397
9.070349
9.080513
9.099897
9.107429
9.116458
9.126508
9.136385
9.146709
9.156471
9.166389
9.176289
9.186593
9.196333
9.206347
9.216337
9.234067
9.241199
9.250621
9.260616
9.270574
9.282166
9.290621
9.300550
9.310566
9.320584
9.331271
9.340444
9.350493
9.360487
9.370609
9.380515
9.390683
9.400572
9.416444
9.426339
9.435566
9.445507
9.455556
9.465687
9.475597
9.485882
9.495865
9.506856
9.515916
9.525986
9.535956
9.545922
9.555602
9.571762
9.581014
9.590962
9.601304
9.611588
9.621198
9.631207
9.641162
9.651189
9.661872
9.671176
9.681175
9.691156
9.701337
9.711138
9.721168
9.731202
9.741220
9.751197
9.761141
9.771170
9.788982
9.796322
9.806270
9.816271
9.826408
9.836284
9.846243
9.856246
9.866214
9.876203
9.886253
9.896233
9.906217
9.916200
9.926198
9.936231
9.946200
9.956222
9.966228
9.976187
9.986210
9.996193
10.006262
10.016234
10.026206
10.036260
10.046216
10.056316
10.066185
10.076225
10.086235
10.096207
10.106359
10.116219
10.126229
10.136264
10.146224
10.156210
10.166238
10.176235
10.186200
10.196226
10.208648
10.216298
10.226693
10.236244
10.246230
10.256242
10.266295
10.283840
10.290346
10.300266
10.316493
10.326449
10.336449
10.350843
10.361035
10.375952
10.386000
10.401533
10.408724
10.417969
10.433906
10.440368
10.450312
10.466408
10.473235
10.482892
10.501866
10.509026
10.524598
10.531084
10.541213
10.557175
10.564348
10.573708
10.589769
10.596952
10.606250
10.616627
10.626281
10.636291
10.646269
10.656342
10.666287
10.676257
10.686276
10.696251
10.706258
10.716269
10.726317
10.736285
10.746253
10.757897
10.766173
10.776046
10.786063
10.796076
10.806096
10.816126
10.826296
10.836405
10.846398
10.856442
10.866467
10.876443
10.886425
10.896488
10.906480
10.916477
10.926602
10.936562
10.946275
10.956265
10.966266
10.976246
10.986284
10.996280
11.006218
11.019176
11.026353
11.036262
11.046256
11.056251
11.066269
11.076265
11.088085
11.097841
11.107861
11.117848
11.128112
11.137871
11.147833
11.157850
11.177981
11.185131
11.194475
11.204407
11.214532
11.224401
11.234678
11.244432
11.254428
11.264432
11.274435
11.284436
11.294410
11.305165
11.314446
11.324463
11.334611
11.344586
11.354489
11.364421
11.374500
11.393385
11.399899
11.409854
11.419818
11.429948
11.440060
11.449911
11.459902
11.469853
11.480671
11.489916
11.501068
11.509853
11.519924
11.529907
11.540074
11.549891
11.559875
11.578338
11.585317
11.595872
11.604886
11.614835
11.625414
11.634804
11.644856
11.654837
11.665622
11.674838
11.684840
11.694826
11.704955
11.714877
11.733263
11.739811
11.749812
11.759741
11.769794
11.782061
11.801712
11.812322
11.819306
11.830521
11.838813
11.848985
11.858798
11.868790
11.878787
11.888819
11.910265
11.917686
11.926879
11.936772
11.947045
11.956839
11.966817
11.976804
11.986842
11.996842
12.006824
12.016771
12.026751
12.036708
12.046740
12.056716
12.066800
12.076760
12.096047
12.103344
12.112782
12.122426
12.132339
12.142381
12.152534
12.162428
12.172367
12.182412
12.192629
12.202742
12.212731
12.222686
12.232718
12.242888
12.252859
12.262738
12.272847
12.282583
12.292571
12.302576
12.312560
12.322562
12.332569
12.342546
12.352524
12.362557
12.372567
12.382563
12.392532
12.402601
12.412746
12.422540
12.432847
12.442587
12.452571
12.462666
12.472507
12.482524
12.492566
12.503350
12.513293
12.522468
12.532458
12.542498
12.552552
12.562514
12.572505
12.582474
12.592514
12.602546
12.612471
12.630356
12.639771
12.649729
12.659712
12.670035
12.679725
12.689675
12.699738
12.709796
12.719765
12.729760
12.739739
12.749713
12.759698
12.769860
12.779710
12.789724
12.800596
12.809729
12.819787
12.829726
12.839758
12.849746
12.859742
12.869733
12.879761
12.889738
12.899702
12.909726
12.919757
12.929749
12.959783
12.967027
12.976866
12.986807
12.996828
13.006820
13.016884
13.026843
13.036847
13.046865
13.056883
13.066867
13.077929
13.086760
13.096761
13.106721
13.116953
13.126895
13.136819
13.146783
13.156823
13.166812
13.176914
13.186812
13.196800
13.206812
13.216788
13.226828
13.236798
13.246781
13.256791
13.266802
13.276937
13.286780
13.296819
13.306856
13.316820
13.326834
13.336779
13.346800
13.356795
13.366725
13.376769
13.386820
13.400975
13.410825
13.420875
13.430723
13.440709
13.450709
13.460612
13.471006
13.481210
13.491058
13.501514
13.511024
13.521102
13.531105
13.541099
13.550738
13.560781
13.570715
13.580723
13.590729
13.600644
13.611057
13.620933
13.630898
13.640945
13.650883
13.660894
13.670875
13.680882
13.691002
13.700880
13.710891
13.720871
13.730887
13.740912
13.750866
13.760878
13.770889
13.793898
13.800457
13.810464
13.820423
13.830683
13.840416
13.850445
13.860432
13.870407
13.880463
13.890604
13.900437
13.910420
13.921226
13.930453
13.940439
13.950480
13.960430
13.970426
13.980454
13.990446
14.000675
14.010512
14.020515
14.030469
14.040475
14.061396
14.068082
14.077932
14.087890
14.098059
14.107873
14.117891
14.127877
14.137873
14.147909
14.157857
14.167903
14.177887
14.187853
14.197994
14.207871
14.218005
14.227846
14.238037
14.247921
14.257920
14.267913
14.287421
14.295114
14.304713
14.314384
14.324421
14.334375
14.344385
14.354356
14.364411
14.374399
14.384441
14.394461
14.404563
14.414548
14.424510
14.434617
14.444467
14.454431
14.464467
14.474471
14.484821
14.494433
14.504467
14.514444
14.524451
14.534452
14.544435
14.554455
14.564454
14.574495
14.593298
14.599802
14.609970
14.619746
14.629765
14.639764
14.649776
14.659809
14.669770
14.679801
14.689751
14.699781
14.709814
14.719790
14.729799
14.739785
14.749838
14.759966
14.769986
14.779960
14.789926
14.799917
14.809901
14.819957
14.829924
14.839946
14.849981
14.859976
14.869623
14.879598
14.889644
14.899615
14.909597
14.919702
14.929631
14.939917
14.949772
14.959819
14.969849
14.979912
14.989796
14.999887
15.009748
15.019877
15.029721
15.039730
15.049721
15.059750
15.069772
15.079754
15.097434
15.106752
15.123262
15.130457
15.139807
15.155235
15.167891
15.183638
15.190625
15.200203
15.216867
15.224145
15.233407
15.249428
15.256298
15.265960
15.279177
15.289182
15.298642
15.308643
15.318617
15.328962
15.338661
15.348651
15.358642
15.368664
15.378674
15.388695
15.398665
15.408633
15.418677
15.428772
15.438658
15.448641
15.458677
15.468668
15.478692
15.488667
15.498959
15.508682
15.518643
15.528649
15.538631
15.548636
15.558656
15.568619
15.585651
15.592568
15.602140
15.612142
15.622149
15.632274
15.642699
15.652129
15.662086
15.672083
15.682086
15.692105
15.702136
15.712232
15.722165
15.732123
15.742226
15.752112
15.762121
15.772123
15.782097
15.792109
15.806949
15.813420
15.823444
15.833425
15.843426
15.853397
15.863447
15.873434
15.883451
15.893450
15.903432
15.913408
15.923407
15.933409
15.943538
15.953378
15.963427
15.973426
15.983449
15.993411
16.003584
16.016621
16.023377
16.033399
16.043519
16.053430
16.063400
16.095773
16.118108
16.134498
16.141199
16.151679
16.161236
16.171477
16.181794
16.190767
16.200748
16.210766
16.220733
16.230769
16.241047
16.251193
16.261153
16.271113
16.281355
16.290922
16.300878
16.310865
16.320864
16.330871
16.340857
16.351043
16.360986
16.370920
16.380924
16.390913
16.400979
16.411080
16.420990
16.433229
16.440970
16.451066
16.460928
16.470954
16.480920
16.490969
16.501017
16.510954
16.520965
16.531201
16.540983
16.550956
16.560935
16.570916
16.580882
16.590924
16.602575
16.611035
16.621003
16.630951
16.640996
16.650985
16.661227
16.670920
16.680997
16.690987
16.700986
16.710972
16.720945
16.730973
16.740967
16.750980
16.761116
16.771004
16.780998
16.790968
16.801044
16.810984
16.820988
16.830955
16.840948
16.850970
16.861084
16.871000
16.881002
16.891034
16.901064
16.910976
16.921051
16.930939
16.940947
16.950953
16.960919
16.970989
16.980965
16.990982
17.001146
17.010976
17.020983
17.030951
17.040983
17.050958
17.060995
17.071124
17.080976
17.090987
17.100954
17.110960
17.121719
17.131564
17.141527
17.151563
17.161573
17.171668
17.181592
17.191563
17.201569
17.211693
17.221583
17.231575
17.241556
17.251562
17.261558
17.271689
17.287097
17.293736
17.303643
17.313623
17.323649
17.333658
17.343658
17.353604
17.363599
17.373798
17.383639
17.393600
17.403553
17.413618
17.423618
17.433805
17.443802
17.453707
17.463735
17.473730
17.483779
17.493740
17.504224
17.513782
17.535931
17.545173
17.557682
17.564544
17.574012
17.583997
17.593977
17.603994
17.614334
17.624589
17.634166
17.645010
17.654137
17.664173
17.674140
17.688220
17.698039
17.708108
17.718314
17.728006
17.738016
17.748035
17.758141
17.778085
17.786469
17.794657
17.810650
17.817508
17.827137
17.837167
17.847189
17.857272
17.867952
17.877103
17.887296
17.897124
17.907146
17.917142
17.929595
17.939309
17.949256
17.959326
17.969306
17.979286
17.989467
17.999373
18.009249
18.019236
18.029261
18.039264
18.049264
18.059266
18.069217
18.079261
18.089379
18.111945
18.123738
18.132902
18.140213
18.150170
18.160197
18.170155
18.180187
18.190168
18.201108
18.210210
18.220182
18.230239
18.240343
18.250127
18.260167
18.270164
18.280160
18.290159
18.300180
18.310164
18.320144
18.330203
18.340138
18.350183
18.360145
18.370167
18.380298
18.390110
18.400299
18.410167
18.420187
18.430193
18.440203
18.450211
18.460199
18.470290
18.484933
18.491935
18.502383
18.511810
18.521398
18.531376
18.543539
18.551403
18.561460
18.571434
18.581406
18.591431
18.601564
18.611541
18.621376
18.631339
18.641414
18.651410
18.661409
18.671354
18.681411
18.691398
18.701424
18.711456
18.721453
18.731424
18.741453
18.751417
18.761406
18.771692
18.781577
18.791636
18.802220
18.811252
18.821274
18.831231
18.841223
18.851242
18.861460
18.871598
18.886827
18.893995
18.903491
18.913631
18.923480
18.933473
18.943463
18.953625
18.963378
18.973379
18.983987
18.993341
19.003417
19.013449
19.023275
19.033218
19.043227
19.053248
19.063255
19.073227
19.083255
19.093241
19.103242
19.113336
19.123271
19.133278
19.143303
19.153289
19.163301
19.173254
19.183305
19.193309
19.203315
19.213278
19.223415
19.233356
19.243289
19.253327
19.263276
19.273299
19.283281
19.293275
19.303277
19.313261
19.323427
19.333279
19.343295
19.353305
19.363286
19.373289
19.383293
19.393888
19.403264
19.413331
19.423446
19.433310
19.444138
19.453357
19.463343
19.473334
19.483343
19.493337
19.504419
19.513290
19.523298
19.533339
19.543323
19.553335
19.563310
19.573304
19.583335
19.593313
20.067204
20.093289
20.106656
20.119287
20.130764
20.142182
20.152946
20.163686
20.174327
20.184792
20.194697
20.204663
20.214673
20.224249
20.234084
20.244084
20.253753
20.264796
20.273745
20.283285
20.293426
20.303010
20.312986
20.322631
20.332549
20.342219
20.353949
20.363784
20.381486
20.393473
20.400507
20.410150
20.419914
20.429927
20.439895
20.450130
20.459944
20.469953
20.479939
20.489930
20.499967
20.509900
20.519930
20.529914
20.539924
20.550108
20.559904
20.569971
20.579946
20.589963
20.599970
20.609949
20.619985
20.629950
20.639924
20.650001
20.659947
20.669939
20.679918
20.689950
20.699962
20.709961
20.719961
20.729928
20.739967
20.749956
20.759953
20.769947
20.779955
20.789922
20.799962
20.809925
20.819918
20.829942
20.839932
20.849944
20.860202
20.869959
20.879980
20.896872
20.906719
20.916604
20.926570
20.936573
20.946598
20.956782
20.966601
20.976656
20.986626
20.996608
21.006673
21.020679
21.027101
21.037311
21.047339
21.057342
21.067427
21.077070
21.087101
21.097161
21.107162
21.117151
21.127127
21.137103
21.147107
21.157101
21.167220
21.177096
21.187144
21.197122
21.207144
21.217114
21.227089
21.237158
21.247137
21.257224
21.267244
21.277126
21.292016
21.298592
21.308602
21.318483
21.328485
21.338539
21.348511
21.358539
21.368685
21.378478
21.388487
21.398500
21.408486
21.418448
21.428485
21.438838
21.448366
21.458316
21.468321
21.478318
21.488275
21.498322
21.508317
21.518511
21.528696
21.538722
21.548680
21.558706
21.568711
21.578745
21.591555
21.598949
21.608730
21.618470
21.628476
21.638498
21.648440
21.658452
21.668458
21.678650
21.688489
21.698512
21.708525
21.718542
21.728543
21.738540
21.748546
21.758556
21.768551
21.778664
21.788547
21.798534
21.810510
21.818568
21.828628
21.838613
21.848574
21.858580
21.868565
21.878695
21.888554
21.898610
21.908597
21.918585
21.928598
21.938569
21.948568
21.958554
21.968560
21.978543
21.988547
21.998664
22.008482
22.018510
22.028541
22.038564
22.048534
22.058562
22.068568
22.078534
22.094111
22.100624
22.110674
22.120633
22.130620
22.140622
22.150606
22.160624
22.170588
22.180658
22.190630
22.200612
22.210622
22.220626
22.230674
22.240637
22.250594
22.260619
22.270634
22.280633
22.290853
22.300684
22.310677
22.320636
22.330679
22.340630
22.350668
22.360618
22.370623
22.380598
22.390746
22.400641
22.410642
22.420635
22.430660
22.440635
22.450623
22.460605
22.470651
22.480620
22.495337
22.502249
22.511887
22.521841
22.531845
22.541806
22.551804
22.561851
22.571837
22.581816
22.591819
22.601789
22.611812
22.621814
22.631869
22.641939
22.651821
22.661831
22.672137
22.681774
22.691771
22.701968
22.715887
22.722494
22.732405
22.742354
22.752406
22.762385
22.772695
22.782613
22.792501
22.802557
22.812548
22.822560
22.832152
22.842143
22.852168
22.862210
22.872195
22.882181
22.892209
22.902431
22.912473
22.922644
22.932657
22.942705
22.952867
22.962490
22.972490
22.982457
22.992478
23.002623
23.012570
23.022604
23.032452
23.042523
23.052474
23.062491
23.072465
23.082499
23.092462
23.102496
23.112630
23.122451
23.132483
23.142530
23.152499
23.162480
23.172456
23.182468
23.192433
23.202491
23.212623
23.222478
23.232506
23.242464
23.252486
23.262497
23.272477
23.282461
23.297942
23.304662
23.314651
23.324471
23.334498
23.344504
23.354406
23.364414
23.374439
23.384424
23.394467
23.404461
23.414426
23.424561
23.434431
23.444435
23.454442
23.466561
23.474471
23.484400
23.494403
23.505240
23.514405
23.524411
23.534396
23.544410
23.554450
23.564429
23.574407
23.584419
23.594382
23.604423
23.614431
23.624578
23.634419
23.644407
23.654416
23.664416
23.674427
23.684395
23.699590
23.706565
23.716074
23.726287
23.736084
23.746107
23.756092
23.766083
23.776085
23.786033
23.796887
23.806086
23.820704
23.827498
23.837082
23.847096
23.857100
23.867085
23.877067
23.887088
23.897090
23.907079
23.917106
23.927220
23.937105
23.947059
23.957128
23.967121
23.977119
23.987123
23.997114
24.009575
24.017069
24.027082
24.037086
24.047117
24.057154
24.067140
24.077144
24.087113
24.097116
24.106946
24.116893
24.126953
24.137382
24.147082
24.157338
24.167296
24.177369
24.187365
24.197341
24.207316
24.217374
24.227340
24.239191
24.247081
24.257140
24.267098
24.277048
24.287190
24.297196
24.307171
24.317201
24.327175
24.337460
24.347184
24.357194
24.367221
24.377223
24.387210
24.397177
24.407214
24.417208
24.427149
24.437199
24.447171
24.457198
24.467198
24.477222
24.487206
24.503156
24.511097
24.520994
24.530979
24.541833
24.551503
24.561412
24.571407
24.581417
24.591402
24.601418
24.611452
24.621410
24.631399
24.641374
24.651415
24.661393
24.671429
24.681372
24.691431
24.701423
24.711403
24.721743
24.731581
24.741458
24.751549
24.761404
24.771441
24.781447
24.793130
24.801421
24.811461
24.821471
24.831478
24.841478
24.851564
24.861441
24.871454
24.881453
24.896984
24.903878
24.913573
24.923541
24.933517
24.943608
24.953696
24.963505
24.973465
24.983491
24.993446
25.003577
25.013419
25.023460
25.033458
25.043414
25.053572
25.063440
25.075636
25.083662
25.093565
25.103707
25.113562
25.123592
25.133553
25.143571
25.153570
25.163613
25.173571
25.183570
25.193574
25.203566
25.213536
25.223550
25.234013
25.243552
25.253530
25.263784
25.273713
25.283882
25.293694
25.303704
25.313752
25.323728
25.333745
25.343721
25.353754
25.363924
25.373762
25.383778
25.393690
25.403738
25.413835
25.423716
25.434078
25.443949
25.453912
25.464041
25.473905
25.483943
25.493934
25.504384
25.513536
25.523644
25.533491
25.543588
25.553605
25.563592
25.573635
25.583963
25.594026
25.603995
25.614233
25.623805
25.633818
25.643801
25.653793
25.663820
25.673780
25.683754
25.699250
25.705953
25.715812
25.725758
25.735791
25.745775
25.755755
25.765781
25.775845
25.785773
25.795725
25.805781
25.817731
25.825739
25.835742
25.845761
25.855751
25.865747
25.875909
25.885783
25.895797
25.905768
25.915735
25.925759
25.935763
25.945783
25.955766
25.965764
25.975877
25.985738
25.995780
26.005717
26.018935
26.025734
26.035718
26.045728
26.055722
26.065735
26.075729
26.085724
26.100717
26.107590
26.117270
26.127210
26.137268
26.147260
26.157196
26.167241
26.177228
26.187239
26.197211
26.207273
26.217256
26.227244
26.237253
26.247258
26.257244
26.269556
26.279311
26.289369
26.299341
26.309387
26.319290
26.329331
26.339347
26.349353
26.359340
26.369340
26.379355
26.389458
26.399373
26.409439
26.419352
26.429338
26.439353
26.449343
26.459315
26.469355
26.479335
26.489454
26.499348
26.509351
26.519336
26.529333
26.539358
26.549352
26.559335
26.569347
26.579329
26.589373
26.599344
26.609399
26.619331
26.629341
26.639333
26.649323
26.659340
26.669330
26.679279
26.689319
26.699335
26.709416
26.719352
26.729367
26.739339
26.749312
26.759604
26.769505
26.779234
26.789152
26.799638
26.809570
26.819633
26.829608
26.839638
26.849616
26.859589
26.869659
26.879628
26.889589
26.905528
26.912250
26.922152
26.931848
26.941904
26.951973
26.961994
26.971962
26.981942
26.991978
27.002324
27.011999
27.022016
27.031966
27.041969
27.051938
27.061966
27.071953
27.081959
27.091959
27.102063
27.112002
27.121989
27.131975
27.141990
27.151987
27.161995
27.171967
27.181996
27.191970
27.202013
27.211999
27.221979
27.232032
27.242006
27.252018
27.261991
27.272003
27.282014
27.292032
27.306936
27.316270
27.326270
27.336302
27.346261
27.356265
27.366285
27.376268
27.386248
27.396293
27.406259
27.416220
27.426242
27.436267
27.446254
27.456224
27.466254
27.476244
27.486211
27.496231
27.506221
27.516359
27.526195
27.536262
27.546238
27.556220
27.566221
27.576185
27.586238
27.596245
27.606272
27.616268
27.626247
27.636285
27.646201
27.656250
27.666258
27.676287
27.686249
27.696216
27.706199
27.716300
27.726268
27.736279
27.746189
27.756221
27.766232
27.776295
27.786267
27.796223
27.806214
27.816211
27.831021
27.837519
27.847534
27.857491
27.867510
27.877500
27.887497
27.897502
27.907491
27.917518
27.927520
27.937534
27.947561
27.957522
27.967502
27.977465
27.987500
27.997605
28.007483
28.017509
28.027619
28.037493
28.047519
28.057502
28.067488
28.077569
28.087509
28.102440
28.109582
28.119118
28.129348
28.139171
28.149120
28.159105
28.169068
28.178800
28.188749
28.198803
28.208810
28.218770
28.228860
28.238747
28.248777
28.259138
28.269113
28.279384
28.288944
28.298948
28.308933
28.318950
28.328922
28.338926
28.348948
28.358960
28.368940
28.378928
28.388945
28.398966
28.408925
28.418968
28.428939
28.438980
28.448922
28.458988
28.468940
28.478959
28.488957
28.498989
28.508966
28.519089
28.528870
28.539155
28.548880
28.558926
28.568892
28.578899
28.588913
28.598876
28.608886
28.618856
28.628877
28.639006
28.648931
28.658921
28.668858
28.678868
28.688868
28.698896
28.708881
28.718867
28.728873
28.738986
28.748895
28.758900
28.768895
28.778875
28.788909
28.798914
28.808881
28.819155
28.828814
28.838850
28.848845
28.858852
28.868880
28.878856
28.888875
28.898862
28.908893
28.918864
28.928852
28.938865
28.949000
28.958889
28.968869
28.978899
28.988870
28.998965
29.008879
29.018903
29.028893
29.038862
29.049025
29.058856
29.068884
29.078887
29.088898
29.098908
29.108869
29.118876
29.128866
29.138862
29.148963
29.158861
29.168923
29.178866
29.188858
29.198886
29.208872
29.218900
29.228877
29.238909
29.248884
29.258922
29.268942
29.278876
29.288910
29.298912
29.308901
29.318921
29.328851
29.338890
29.348878
29.359023
29.368908
29.378883
29.388885
29.398898
29.408887
29.418873
29.429112
29.439081
29.449051
29.459197
29.469046
29.479090
29.489053
29.499440
29.508998
29.518779
29.528761
29.538742
29.548755
29.558889
29.568693
29.578779
29.588659
29.598898
29.609331
29.618958
29.628923
29.638908
29.648912
29.658900
29.668885
29.678917
29.688877
29.698879
29.708838
29.718828
29.728812
29.738850
29.748859
29.758856
29.768971
29.779011
29.789014
29.799008
29.809041
29.819022
29.830726
29.839026
29.849014
29.860438
29.869244
29.879139
29.889109
29.899144
29.909122
29.919152
29.929160
29.939157
29.949045
29.959030
29.969248
29.979172
29.989102
29.999172
30.009073
30.019084
30.029057
30.039093
30.049083
30.059071
30.069106
30.079073
30.089076
30.099062
30.109082
30.119056
30.129068
30.139066
30.149070
30.159099
30.169066
30.179099
30.189098
30.199056
30.209081
30.219079
30.229075
30.239091
30.249025
30.259065
30.270005
30.279094
30.289033
30.299035
30.309021
30.319006
30.329003
30.339017
30.349013
30.358997
30.369051
30.379272
30.389050
30.399016
30.409041
30.419071
30.429054
30.439054
30.449059
30.459060
30.469020
30.478989
30.489106
30.499058
30.509003
30.518992
30.528993
30.539003
30.548988
30.559029
30.569031
30.578984
30.589042
30.599007
30.609035
30.619005
30.629023
30.639042
30.649020
30.659016
30.668999
30.679010
30.689180
30.699037
30.709035
30.719026
30.729029
30.739023
30.749056
30.759208
30.769211
30.779195
30.789329
30.799132
30.809376
30.819313
30.829322
30.838942
30.849053
30.858843
30.869086
30.879223
30.889447
30.899368
30.909275
30.919283
30.929325
30.939449
30.949131
30.959191
30.969154
30.979150
30.989162
30.999256
31.009178
31.021934
31.029200
31.039194
31.049100
31.059134
31.069115
31.079162
31.089150
31.099256
31.109148
31.119150
31.129149
31.139148
31.149188
31.159206
31.169142
31.179157
31.189151
31.199327
31.209153
31.219157
31.229139
31.239147
31.249139
31.259145
31.269156
31.279130
31.289192
31.299288
31.309134
31.319153
31.329149
31.339173
31.349145
31.359174
31.369149
31.379152
31.389150
31.399115
31.409229
31.419144
31.429150
31.439167
31.449128
31.459180
31.469166
31.479167
31.489162
31.499314
31.509333
31.519170
31.529177
31.539156
31.549214
31.559207
31.569153
31.579146
31.589142
31.599176
31.609317
31.619264
31.630239
31.648620
31.658649
31.668514
31.678462
31.688223
31.698260
31.708482
31.718269
31.728270
31.738254
31.748283
31.758266
31.768289
31.778286
31.788256
31.798257
31.808289
31.818297
31.833826
31.840281
31.850283
31.860225
31.870258
31.880248
31.890343
31.900327
31.910308
31.920290
31.930261
31.940258
31.950237
31.960263
31.970270
31.980269
31.990271
32.000384
32.010288
32.020492
32.030320
32.040286
32.050265
32.060265
32.070280
32.080269
32.090586
32.100535
32.110458
32.120648
32.130146
32.140040
32.150101
32.160122
32.170081
32.180106
32.190111
32.200202
32.210426
32.220581
32.230535
32.240412
32.250437
32.260419
32.270637
32.280188
32.290243
32.300202
32.310203
32.320253
32.330275
32.340259
32.350240
32.360265
32.370246
32.380233
32.390266
32.400233
32.410251
32.420316
32.430436
32.440288
32.450329
32.460227
32.470192
32.480231
32.490218
32.500204
32.510229
32.520208
32.530421
32.540281
32.550343
32.560310
32.570287
32.580287
32.590255
32.600266
32.610243
32.620275
32.630403
32.640240
32.650259
32.660253
32.670284
32.680263
32.690286
32.700265
32.710257
32.720247
32.730209
32.740386
32.750266
32.760267
32.770269
32.780251
32.790248
32.800231
32.810266
32.820242
32.830267
32.840412
32.850246
32.860263
32.870258
32.880292
32.890280
32.900245
32.910251
32.920214
32.930321
32.940515
32.950286
32.960273
32.970222
32.980262
32.990225
33.000306
33.010181
33.020202
33.030258
33.040321
33.050280
33.060250
33.070284
33.080248
33.090287
33.100286
33.110365
33.120255
33.130292
33.140248
33.150258
33.160242
33.170250
33.180347
33.190269
33.200377
33.210263
33.220271
33.230299
33.240300
33.250498
33.260264
33.270238
33.280275
33.290269
33.300256
33.310291
33.320266
33.330295
33.340254
33.350243
33.360272
33.370256
33.380261
33.390239
33.400243
33.410244
33.420489
33.430417
33.440459
33.450601
33.460219
33.470114
33.480097
33.490044
33.500595
33.510073
33.520416
33.530405
33.540441
33.550395
33.560447
33.570439
33.580466
33.590418
33.600539
33.610293
33.620348
33.630184
33.640172
33.650236
33.660384
33.670394
33.680375
33.690389
33.700347
33.710369
33.720350
33.730504
33.740400
33.750413
33.760513
33.770368
33.780418
33.790411
33.800400
33.810397
33.820357
33.830456
33.840376
33.850379
33.860387
33.870422
33.880433
33.890395
33.900413
33.910395
33.920407
33.930354
33.940413
33.950421
33.960443
33.970403
33.980343
33.990341
34.000447
34.010357
34.020391
34.030373
34.040376
34.050348
34.060456
34.070425
34.080344
34.090383
34.100396
34.110401
34.120401
34.130401
34.140396
34.150392
34.160434
34.170461
34.180403
34.190393
34.200354
34.210380
34.220367
34.230388
34.240388
34.250428
34.260445
34.270505
34.280386
34.290388
34.300409
34.310398
34.320415
34.330426
34.340378
34.350394
34.360358
34.370369
34.380351
34.390374
34.400376
34.410392
34.420409
34.430392
34.440392
34.450375
34.460385
34.470399
34.480414
34.490404
34.500391
34.510414
34.520402
34.530376
34.540391
34.550387
34.560396
34.570359
34.580549
34.590352
34.600444
34.610417
34.620373
34.630392
34.640346
34.650423
34.660401
34.670374
34.680396
34.690393
34.700402
34.710393
34.720393
34.730375
34.740410
34.750682
34.760582
34.770286
34.780148
34.790225
34.800193
34.810215
34.820249
34.830189
34.840250
34.850441
34.860558
34.870588
34.880495
34.890544
34.900544
34.910559
34.920536
34.930730
34.940376
34.950328
34.960573
34.970414
34.980405
34.990669
35.000424
35.010374
35.020339
35.030352
35.040343
35.050355
35.060355
35.071309
35.081098
35.091256
35.101078
35.111066
35.121211
35.131083
35.141059
35.151085
35.161082
35.171108
35.181080
35.191192
35.201071
35.211086
35.221112
35.231085
35.241140
35.251129
35.261092
35.271119
35.281101
35.291101
35.301109
35.311072
35.321057
35.331095
35.341106
35.351120
35.361101
35.371063
35.381099
35.391110
35.401100
35.411148
35.421172
35.431165
35.441120
35.451129
35.461096
35.471114
35.481128
35.491159
35.501603
35.511058
35.521133
35.531111
35.541083
35.551089
35.561098
35.571108
35.581077
35.591121
35.601246
35.611089
35.621104
35.631115
35.641082
35.651075
35.661054
35.671090
35.681081
35.691110
35.701066
35.711095
35.721099
35.731100
35.741099
35.751073
35.761083
35.771072
35.781085
35.791123
35.801060
35.811106
35.821074
35.831087
35.846378
35.852942
35.862909
35.872843
35.882872
35.892911
35.902862
35.912863
35.922858
35.932886
35.942876
35.952865
35.962852
35.972861
35.982848
35.992876
36.002904
36.015215
36.023097
36.032855
36.042840
36.052828
36.062807
36.072841
36.082941
36.093035
36.103016
36.113235
36.123059
36.133048
36.143067
36.153062
36.163081
36.172734
36.182682
36.192717
36.202754
36.212708
36.222686
36.232722
36.242727
36.253090
36.263290
36.272818
36.282824
36.292824
36.302894
36.312911
36.323026
36.332892
36.342854
36.352900
36.362848
36.372889
36.382865
36.392899
36.402938
36.413031
36.422903
36.432890
36.442884
36.452884
36.462845
36.472861
36.482850
36.492859
36.503743
36.513677
36.522951
36.533010
36.542863
36.552899
36.562876
36.572875
36.582857
36.592876
36.602878
36.612876
36.622877
36.632871
36.642868
36.652867
36.662877
36.672865
36.682924
36.692866
36.702881
36.712880
36.722856
36.732989
36.742853
36.752899
36.762882
36.772882
36.782859
36.792884
36.802893
36.812883
36.822888
36.832859
36.842903
36.852895
36.862888
36.872897
36.882877
36.892847
36.902866
36.912896
36.922874
36.932866
36.942880
36.952844
36.962854
36.972873
36.982829
36.992857
37.003089
37.013333
37.022967
37.032934
37.043019
37.053002
37.063011
37.072972
37.083013
37.092992
37.103032
37.113024
37.123009
37.133027
37.143021
37.153003
37.163020
37.173018
37.183008
37.192999
37.203022
37.213012
37.223031
37.233017
37.243275
37.253028
37.263018
37.273027
37.283003
37.293014
37.302994
37.313028
37.323010
37.332996
37.343163
37.353054
37.363055
37.373039
37.382981
37.393023
37.403013
37.413165
37.423194
37.433170
37.443212
37.453137
37.463181
37.473211
37.483230
37.493183
37.503538
37.513141
37.523207
37.532875
37.542821
37.552879
37.562869
37.572817
37.582867
37.593192
37.603037
37.613039
37.623020
37.633014
37.642984
37.653001
37.662987
37.673004
37.682998
37.693011
37.703005
37.713030
37.723018
37.732989
37.743000
37.753096
37.763023
37.773003
37.783036
37.792975
37.802974
37.813011
37.823020
37.832971
37.844920
37.853093
37.863005
37.872982
37.883035
37.893118
37.902982
37.913009
37.923004
37.933024
37.943006
37.953011
37.962993
37.972999
37.982982
37.993009
38.003077
38.012956
38.023045
38.033091
38.042987
38.053010
38.063120
38.072993
38.082988
38.093016
38.103018
38.112961
38.122986
38.133011
38.142991
38.152977
38.163106
38.172984
38.182965
38.193017
38.203013
38.213018
38.223013
38.232987
38.242972
38.252967
38.263112
38.272987
38.282979
38.292996
38.302987
38.313029
38.323019
38.333033
38.342964
38.352982
38.362981
38.372954
38.382991
38.392988
38.403018
38.412983
38.422987
38.433029
38.443001
38.453023
38.462989
38.473016
38.483006
38.493019
38.503016
38.513313
38.523005
38.533000
38.543040
38.553021
38.562984
38.573117
38.582969
38.593009
38.603005
38.613029
38.623006
38.633020
38.643009
38.653008
38.663002
38.673110
38.683016
38.692988
38.702961
38.712995
38.722998
38.732995
38.742928
38.753127
38.763176
38.773200
38.783162
38.793191
38.803193
38.822235
38.829340
38.838951
38.848911
38.858931
38.869256
38.878824
38.888552
38.898525
38.908542
38.918533
38.928851
38.938666
38.948680
38.958690
38.968675
38.978697
38.988688
38.998804
39.008661
39.018682
39.028687
39.038681
39.048696
39.058872
39.068660
39.078652
39.088749
39.098648
39.108622
39.118669
39.128632
39.138622
39.148623
39.158696
39.168824
39.178663
39.188809
39.198685
39.208703
39.218701
39.228696
39.238703
39.248688
39.258752
39.268682
39.278724
39.288844
39.298727
39.314771
39.321316
39.331199
39.341824
39.351247
39.361291
39.371242
39.381255
39.391405
39.401283
39.411253
39.421194
39.431182
39.441242
39.451245
39.461272
39.471253
39.481252
39.491367
39.518613
39.528039
39.535062
39.545014
39.555590
39.565137
39.575053
39.585075
39.612629
39.626510
39.632951
39.642910
39.657572
39.667718
39.677471
39.695005
39.708112
39.714522
39.724620
39.734579
39.748425
39.758494
39.768315
39.783762
39.796796
39.805667
39.815682
39.825885
39.835685
39.851125
39.865203
39.876715
39.884169
39.893111
39.903112
39.913304
39.923322
39.933289
39.950795
39.963240
39.969842
39.979645
39.989726
39.999955
40.009694
40.019691
40.036725
40.049386
40.055792
40.065924
40.076223
40.086046
40.095956
40.113089
40.124888
40.132472
40.141521
40.151151
40.161277
40.171160
40.181168
40.199290
40.211040
40.217342
40.227272
40.237542
40.247692
40.257740
40.267908
40.289600
40.297120
40.306046
40.316005
40.326007
40.336183
40.346085
40.356046
40.372829
40.385874
40.394679
40.404710
40.414984
40.424686
40.434657
40.462619
40.470354
40.485450
40.492222
40.501937
40.511981
40.521993
40.531933
40.541961
40.552080
40.561974
40.572050
40.581924
40.594382
40.601866
40.612107
40.622244
40.631944
40.641929
40.651947
40.662159
40.671919
40.682025
40.691892
40.701903
40.712008
40.722071
40.731921
40.741927
40.751940
40.761938
40.771942
40.781960
40.791905
40.801938
40.811896
40.822035
40.831878
40.841919
40.851897
40.861900
40.871928
40.881915
40.891935
40.901927
40.911933
40.921951
40.931928
40.941940
40.951922
40.961956
40.971925
40.981970
40.991949
41.002026
41.011882
41.024454
41.033187
41.041970
41.052028
41.062003
41.071979
41.082006
41.091965
41.102012
41.111995
41.121989
41.132144
41.141923
41.151932
41.161909
41.171959
41.181946
41.191918
41.201946
41.211942
41.221956
41.232085
41.241958
41.251957
41.261938
41.271932
41.281923
41.291932
41.301936
41.311926
41.321937
41.331965
41.341947
41.351929
41.361966
41.371944
41.381954
41.391941
41.401913
41.411933
41.421968
41.432234
41.442324
41.452185
41.462153
41.472124
41.482141
41.492132
41.502546
41.512192
41.522185
41.533282
41.542076
41.551836
41.561845
41.571802
41.582190
41.592138
41.602324
41.612022
41.622125
41.632650
41.642201
41.652080
41.662494
41.672461
41.682414
41.692997
41.702348
41.712367
41.723174
41.732355
41.742470
41.753399
41.762427
41.772409
41.783228
41.792386
41.802391
41.813122
41.822436
41.832415
41.843104
41.854859
41.862404
41.872401
41.887874
41.894446
41.904349
41.917836
41.927721
41.938404
41.947776
41.957807
41.968344
41.977832
41.987798
42.003529
42.010123
42.019984
42.033405
42.040041
42.050049
42.060064
42.069971
42.080011
42.089997
42.100011
42.109961
42.119947
42.129921
42.139929
42.150083
42.160220
42.170069
42.180054
42.190794
42.200054
42.210084
42.220090
42.230052
42.240041
42.250628
42.259950
42.270026
42.279941
42.289995
42.299969
42.310644
42.320002
42.329984
42.340670
42.349978
42.360130
42.370721
42.380103
42.390077
42.400638
42.410047
42.420013
42.430714
42.440041
42.450018
42.460689
42.469918
42.479974
42.489938
42.500906
42.510019
42.520465
42.530005
42.539996
42.550368
42.560034
42.580453
42.591264
42.597758
42.608298
42.617754
42.627926
42.637890
42.647797
42.657779
42.667971
42.677785
42.687778
42.698105
42.707794
42.717736
42.728122
42.737796
42.747783
42.757610
42.767783
42.777825
42.787967
42.797930
42.807982
42.817991
42.827969
42.837896
42.847667
42.857650
42.867699
42.877728
42.887997
42.898045
42.908091
42.918177
42.928113
42.938250
42.957877
42.964528
42.975190
42.984413
42.994428
43.004319
43.014388
43.024370
43.034348
43.044325
43.054301
43.064354
43.074346
43.085234
43.094282
43.104373
43.114300
43.124304
43.134320
43.144274
43.154658
43.164310
43.174319
43.184325
43.194334
43.204349
43.214282
43.224328
43.234290
43.244348
43.254342
43.264344
43.274341
43.284426
43.294304
43.304304
43.314335
43.324451
43.334289
43.344304
43.354307
43.364319
43.374312
43.384426
43.394320
43.404310
43.414330
43.424337
43.434336
43.444321
43.454302
43.473332
43.480283
43.490046
43.500176
43.509858
43.519871
43.529846
43.539869
43.549851
43.559844
43.569806
43.579847
43.590004
43.600660
43.609923
43.619869
43.629808
43.639994
43.649929
43.659873
43.669844
43.679855
43.689977
43.699880
43.718135
43.724734
43.734649
43.744643
43.754809
43.764777
43.774671
43.784674
43.794818
43.804661
43.814673
43.824693
43.834677
43.844737
43.860232
43.866650
43.876658
43.886624
43.896765
43.906631
43.916700
43.926661
43.936675
43.946666
43.964150
43.971090
43.981018
43.990633
44.000973
44.010611
44.020691
44.030625
44.040601
44.050580
44.060603
44.070589
44.081226
44.090931
44.100840
44.110794
44.120984
44.130592
44.140461
44.150452
44.160427
44.170394
44.180420
44.190449
44.200466
44.210767
44.220859
44.230895
44.240858
44.250913
44.260887
44.271066
44.280699
44.290688
44.308168
44.315298
44.324725
44.334722
44.344726
44.354879
44.364710
44.374742
44.384724
44.394691
44.404694
44.414837
44.424677
44.434656
44.444660
44.454677
44.464650
44.474663
44.484609
44.494661
44.505333
44.516442
44.525274
44.535538
44.545307
44.555257
44.565297
44.575274
44.585299
44.595301
44.605262
44.615570
44.625276
44.635316
44.645307
44.655262
44.665316
44.675287
44.685321
44.695326
44.705401
44.715415
44.725295
44.735332
44.745309
44.755326
44.765312
44.775345
44.785313
44.795302
44.805343
44.824938
44.831944
44.842219
44.851575
44.861496
44.871485
44.881488
44.891436
44.901473
44.911446
44.921775
44.931448
44.941448
44.951516
44.961470
44.971484
44.981458
44.991569
45.001609
45.011430
45.021598
45.031443
45.041479
45.051516
45.061424
45.071454
45.081473
45.091471
45.101458
45.111496
45.121477
45.131580
45.141428
45.151473
45.161444
45.171437
45.181441
45.191453
45.201746
45.211441
45.221407
45.231558
45.241395
45.251580
45.261426
45.272422
45.281451
45.291396
45.301397
45.311589
45.321423
45.331538
45.341402
45.351475
45.361412
45.371435
45.381427
45.391416
45.401457
45.411413
45.421725
45.431601
45.441644
45.451642
45.461651
45.471659
45.482088
45.491305
45.501709
45.511488
45.521560
45.531555
45.541604
45.551592
45.561631
45.571546
45.581651
45.591622
45.603596
45.611390
45.631279
45.638745
45.647800
45.657782
45.667787
45.677916
45.687747
45.697694
45.709137
45.717793
45.727768
45.737792
45.747770
45.757772
45.767739
45.777785
45.787762
45.797759
45.807779
45.817772
45.827781
45.837754
45.848531
45.859827
45.867809
45.877798
45.887775
45.897831
45.907795
45.917840
45.927817
45.937791
45.948221
45.957872
45.967962
45.977958
45.987874
45.998025
46.007884
46.020386
46.027803
46.037896
46.047820
46.057837
46.067894
46.077865
46.087875
46.097871
46.107870
46.117855
46.141105
46.148280
46.170289
46.177774
46.198061
46.205670
46.225206
46.232313
46.241716
46.262172
46.272067
46.293462
46.301060
46.322218
46.328742
46.353739
46.360322
46.381368
46.388701
46.407854
46.414679
46.425245
46.438499
46.445468
46.455180
46.467780
46.475091
46.485093
46.495905
46.504992
46.514885
46.525780
46.534968
46.544970
46.554902
46.564927
46.574924
46.584919
46.595013
46.607128
46.616903
46.626960
46.636925
46.646950
46.656929
46.666990
46.676971
46.687005
46.696980
46.706989
46.716989
46.726995
46.736984
46.756214
46.765542
46.775205
46.785198
46.795508
46.805055
46.814861
46.824899
46.834831
46.844909
46.854894
46.865067
46.875172
46.885221
46.895325
46.905290
46.915275
46.925233
46.935519
46.945074
46.955102
46.965083
46.975076
46.985117
46.995162
47.005083
47.015104
47.025097
47.035115
47.045079
47.055129
47.065088
47.075114
47.085099
47.095118
47.105105
47.115080
47.125087
47.135092
47.145097
47.155113
47.165078
47.175227
47.185059
47.195165
47.205109
47.215058
47.225108
47.235119
47.254538
47.261462
47.271066
47.285807
47.296078
47.305653
47.323200
47.330297
47.345309
47.354427
47.370410
47.377493
47.386960
47.403156
47.409953
47.419712
47.435296
47.444842
47.460717
47.467919
47.477385
47.493404
47.500884
47.509935
47.526652
47.533515
47.543176
47.558645
47.568127
47.584061
47.590544
47.600784
47.610576
47.625020
47.634367
47.650945
47.657485
47.667437
47.681847
47.691409
47.707591
47.714060
47.724853
47.734151
47.744080
47.754111
47.764181
47.774091
47.784088
47.794055
47.804091
47.814057
47.824075
47.834080
47.844080
47.854089
47.869633
47.876098
47.886042
47.896120
47.906100
47.916116
47.926133
47.936111
47.946147
47.956122
47.966122
47.976131
47.986072
47.996268
48.006045
48.016027
48.026009
48.036052
48.056506
48.065984
48.073054
48.083483
48.093481
48.102857
48.112817
48.122797
48.132749
48.142920
48.152822
48.162847
48.172959
48.183240
48.193212
48.203221
48.213213
48.223215
48.233217
48.243182
48.253159
48.264225
48.273019
48.283058
48.293014
48.303351
48.313093
48.323062
48.333096
48.343076
48.353103
48.363070
48.373095
48.383081
48.393103
48.403341
48.413245
48.423091
48.433069
48.443121
48.453147
48.463088
48.473121
48.483047
48.493070
48.514643
48.521549
48.531654
48.541181
48.551288
48.561184
48.571164
48.581141
48.591182
48.601826
48.611145
48.621130
48.631109
48.641275
48.651127
48.661105
48.671089
48.681112
48.699534
48.706409
48.716071
48.726032
48.736034
48.746007
48.756036
48.766028
48.776025
48.786063
48.796050
48.806012
48.816082
48.826023
48.836020
48.845986
48.856063
48.871753
48.881145
48.891194
48.901199
48.911166
48.921130
48.931169
48.941182
48.951162
48.961742
48.971162
48.981189
48.991156
49.001444
49.011150
49.021143
49.038446
49.044926
49.054962
49.064936
49.074942
49.084952
49.094933
49.104936
49.114931
49.124983
49.134950
49.144931
49.154929
49.164887
49.174911
49.184922
49.197579
49.209731
49.219468
49.229288
49.239258
49.249424
49.259265
49.269340
49.279293
49.289263
49.299727
49.309339
49.319386
49.329377
49.339319
49.349318
49.366007
49.373276
49.382572
49.392570
49.402543
49.412896
49.422290
49.432314
49.442274
49.452250
49.462282
49.472331
49.482621
49.493552
49.503244
49.512802
49.531394
49.538248
49.548359
49.558063
49.568027
49.577832
49.587792
49.597673
49.607892
49.617903
49.627895
49.637938
50.356938
50.380908
50.393227
50.417658
50.429208
50.443100
50.454113
50.464630
50.475258
50.486439
50.496248
50.505908
50.515627
50.525861
50.535689
50.545278
50.555262
50.565105
50.575107
50.584617
50.594628
50.604612
50.614645
50.624205
50.634152
50.644146
50.654329
50.663602
50.673524
50.683517
50.694293
50.702995
50.712920
50.722928
50.732877
50.742915
50.753219
50.763146
50.773068
50.783114
50.793072
50.812565
50.821453
50.831349
50.841384
50.851357
50.861627
50.871337
50.881387
50.891347
50.901352
50.911330
50.922120
50.931083
50.941106
50.951096
50.961332
50.971046
50.981102
50.991098
51.001259
51.011137
51.024756
51.031187
51.041507
51.051510
51.061481
51.071567
51.081253
51.091209
51.101205
51.111163
51.121248
51.131278
51.141195
51.151188
51.161205
51.171226
51.181185
51.191243
51.201224
51.211278
51.221279
51.231224
51.241226
51.251208
51.261240
51.271379
51.281216
51.291218
51.301249
51.311261
51.321252
51.331273
51.341234
51.351194
51.361214
51.371344
51.381219
51.391216
51.403599
51.411406
51.421164
51.431168
51.441147
51.451171
51.461168
51.471166
51.481179
51.491146
51.501604
51.511193
51.521224
51.531223
51.541203
51.551202
51.561178
51.571219
51.581239
51.591253
51.601228
51.611189
51.621203
51.631226
51.641373
51.651213
51.661229
51.671225
51.681358
51.691229
51.701213
51.711220
51.721181
51.731223
51.741231
51.751220
51.761225
51.771215
51.781358
51.791217
51.801259
51.811234
51.821218
51.831229
51.841227
51.851225
51.861402
51.876810
51.883463
51.893287
51.903266
51.913259
51.937590
51.949464
51.956043
51.965995
51.975935
51.986328
51.996840
52.006067
52.016008
52.026004
52.036015
52.045977
52.067251
52.075519
52.089246
52.096067
52.105943
52.115912
52.125887
52.135928
52.145679
52.155659
52.165584
52.175507
52.185467
52.195575
52.205808
52.215924
52.225895
52.235904
52.245897
52.255937
52.266051
52.275716
52.285718
52.295825
52.305701
52.315697
52.325734
52.335707
52.345748
52.355744
52.365742
52.375763
52.385759
52.395726
52.405690
52.415891
52.425717
52.435723
52.445730
52.455736
52.465758
52.475749
52.485753
52.498438
52.505742
52.515739
52.525701
52.535752
52.545748
52.555742
52.565715
52.575724
52.585723
52.595698
52.605774
52.615751
52.625739
52.635751
52.645736
52.655743
52.665727
52.675754
52.685736
52.695724
52.705980
52.715707
52.734951
52.744892
52.754551
52.764605
52.774638
52.784621
52.794493
52.804726
52.814509
52.824552
52.834514
52.844511
52.854520
52.864527
52.874537
52.884520
52.894541
52.904545
52.914473
52.924478
52.934464
52.944503
52.954479
52.964528
52.974513
52.984557
52.994530
53.004469
53.014543
53.024619
53.034508
53.044546
53.054566
53.064600
53.074542
53.084565
53.094564
53.104532
53.114669
53.124510
53.134526
53.144510
53.154538
53.164546
53.174541
53.184536
53.194499
53.204557
53.214644
53.231983
53.239104
53.248559
53.262969
53.272183
53.288074
53.295236
53.304542
53.321016
53.327546
53.337942
53.353148
53.360433
53.369660
53.385545
53.392447
53.402010
53.418588
53.427448
53.443466
53.450261
53.460458
53.476459
53.483104
53.492815
53.511451
53.518550
53.528347
53.537909
53.547866
53.557817
53.567706
53.577718
53.587774
53.597814
53.608086
53.617964
53.628169
53.637912
53.647884
53.657882
53.667881
53.677872
53.687888
53.697871
53.707913
53.717937
53.728164
53.737950
53.747908
53.760147
53.767924
53.777947
53.787920
53.797901
53.807884
53.817894
53.835512
53.844431
53.854502
53.864391
53.876358
53.884334
53.894322
53.904375
53.914291
53.924983
53.934465
53.944291
53.954305
53.964476
53.974333
53.984328
53.994314
54.011409
54.018548
54.027961
54.038066
54.047948
54.058030
54.067865
54.077885
54.087882
54.097887
54.108694
54.117786
54.127772
54.137974
54.147882
54.164316
54.171059
54.181181
54.191202
54.201193
54.211181
54.221254
54.231260
54.241469
54.251247
54.261051
54.271108
54.281085
54.291117
54.301096
54.311107
54.321115
54.331121
54.341110
54.351099
54.363118
54.371310
54.381255
54.391239
54.401190
54.411344
54.421169
54.431222
54.441327
54.451241
54.461215
54.471210
54.481223
54.491209
54.501261
54.511222
54.521243
54.531216
54.541208
54.551239
54.561196
54.571196
54.581208
54.591335
54.601240
54.611186
54.621213
54.631172
54.641211
54.651367
54.661230
54.671259
54.681235
54.691248
54.701219
54.711246
54.721224
54.731193
54.741366
54.751676
54.761078
54.770979
54.781089
54.791083
54.801046
54.811019
54.821154
54.831378
54.841423
54.851810
54.861457
54.871472
54.881453
54.891439
54.901412
54.911377
54.921428
54.931421
54.941251
54.951263
54.961251
54.971262
54.981270
54.991299
55.001429
55.011232
55.031746
55.038212
55.048218
55.058454
55.068471
55.078226
55.088178
55.098187
55.108177
55.118192
55.128195
55.138210
55.148203
55.160258
55.168286
55.178229
55.188261
55.198251
55.208214
55.218255
55.228247
55.238246
55.248231
55.258177
55.268247
55.278253
55.288255
55.298231
55.308250
55.318258
55.328262
55.338299
55.348227
55.358240
55.369457
55.378268
55.388227
55.398216
55.408239
55.418255
55.428261
55.438282
55.448229
55.458225
55.468379
55.478241
55.488216
55.498259
55.508219
55.527533
55.534779
55.544012
55.560762
55.570557
55.586493
55.593615
55.602988
55.619279
55.625823
55.635830
55.652106
55.658633
55.668600
55.684389
55.691340
55.700868
55.714517
55.725643
55.741353
55.748034
55.757826
55.774593
55.783654
55.793681
55.803626
55.813579
55.823636
55.833607
55.843638
55.853602
55.863611
55.873594
55.887481
55.893890
55.903889
55.913901
55.923894
55.941497
55.950554
55.960477
55.972374
55.980875
55.990533
56.000670
56.011424
56.023219
56.030522
56.040562
56.050677
56.060541
56.070503
56.080682
56.090409
56.100353
56.110342
56.130968
56.137795
56.147293
56.157313
56.167537
56.178181
56.187556
56.197678
56.207759
56.217718
56.227711
56.237367
56.247317
56.257404
56.267323
56.277507
56.288046
56.304865
56.312051
56.321332
56.331399
56.343316
56.351606
56.361413
56.371291
56.381335
56.391769
56.401354
56.411498
56.421358
56.431352
56.441392
56.451357
56.461296
56.471306
56.481307
56.491500
56.501377
56.511384
56.521369
56.531335
56.541401
56.551418
56.561379
56.571428
56.581379
56.591559
56.601390
56.611420
56.621411
56.631437
56.641455
56.651433
56.661413
56.679612
56.688548
56.698778
56.708438
56.718610
56.728421
56.738444
56.748408
56.758461
56.768470
56.778386
56.788358
56.798516
56.808446
56.818414
56.828425
56.838452
56.848438
56.858442
56.868478
56.878449
56.888439
56.898410
56.908450
56.918432
56.928442
56.938431
56.948454
56.966844
56.973334
56.983375
56.993348
57.003861
57.013357
57.023412
57.033396
57.043375
57.053392
57.063401
57.074103
57.083356
57.093357
57.103373
57.113483
57.123359
57.133311
57.143344
57.153349
57.163389
57.173379
57.183342
57.193375
57.203366
57.213444
57.223326
57.233339
57.251196
57.258251
57.267744
57.277718
57.287726
57.297909
57.307765
57.317731
57.327697
57.337707
57.347705
57.357717
57.367719
57.377692
57.387621
57.397565
57.407693
57.417801
57.427752
57.437995
57.447932
57.457905
57.467880
57.477891
57.488162
57.497635
57.507591
57.517691
57.527559
57.537503
57.556461
57.563324
57.572728
57.582770
57.592992
57.603256
57.615317
57.623652
57.633004
57.642998
57.654096
57.663041
57.673041
57.683018
57.693053
57.702986
57.713019
57.723278
57.732973
57.742980
57.752994
57.763047
57.772998
57.782925
57.792999
57.802971
57.812984
57.823219
57.832981
57.842980
57.852937
57.862987
57.872976
57.884924
57.893032
57.902981
57.912984
57.923080
57.932953
57.942939
57.952941
57.962957
57.972950
57.982948
57.992924
58.004652
58.013035
58.023080
58.033077
58.043042
58.053048
58.063035
58.073095
58.083055
58.093040
58.102983
58.123558
58.130426
58.140090
58.150083
58.160093
58.170035
58.180055
58.190059
58.200118
58.210677
58.220000
58.229979
58.239988
58.250156
58.260080
58.270085
58.280064
58.290056
58.308103
58.314538
58.324555
58.334748
58.344751
58.354563
58.364576
58.374583
58.384590
58.394586
58.404580
58.414619
58.424583
58.434577
58.444562
58.454544
58.464583
58.474554
58.484589
58.494587
58.504604
58.514929
58.524551
58.534559
58.544604
58.561848
58.568878
58.578407
58.588410
58.598374
58.608424
58.618335
58.628319
58.638321
58.648357
58.658284
58.668245
58.678307
58.688296
58.698429
58.708459
58.724119
58.733569
58.743664
58.753589
58.763695
58.773932
58.783780
58.793676
58.803692
58.813328
58.823375
58.833404
58.843365
58.853452
58.864612
58.873707
58.892270
58.899078
58.908605
58.918619
58.928599
58.938799
58.949110
58.959183
58.968801
58.978789
58.988745
58.998901
59.008741
59.018803
59.028719
59.038761
59.048724
59.058764
59.076518
59.082955
59.093658
59.103050
59.113092
59.123145
59.133090
59.143103
59.153229
59.163084
59.173064
59.183058
59.193063
59.203036
59.213123
59.223127
59.233119
59.243130
59.260910
59.267458
59.277404
59.287421
59.297535
59.307479
59.317454
59.327409
59.337444
59.348168
59.357551
59.367399
59.377439
59.387423
59.397412
59.407405
59.417380
59.427436
59.437373
59.447402
59.465389
59.471881
59.481911
59.491901
59.502292
59.511927
59.521888
59.531901
59.541922
59.551937
59.561903
59.571810
59.581781
59.591762
59.601878
59.611838
59.629271
59.635759
59.645777
59.655787
59.665937
59.675853
59.685804
59.695845
59.705811
59.715841
59.725830
59.735788
59.745772
59.755734
59.765697
59.775705
59.785708
59.795735
59.812844
59.819476
59.829337
59.841104
59.849432
59.859293
59.869532
59.879384
59.894540
59.900985
59.911031
59.920963
59.930924
59.940953
59.950963
59.960991
59.971055
59.981008
59.990984
60.008853
60.017810
60.027770
60.037806
60.047752
60.057719
60.067727
60.077941
60.087733
60.097720
60.108064
60.117962
60.127906
60.138816
60.147896
60.157944
60.167579
60.177975
60.187669
60.197581
60.207631
60.217897
60.227957
60.237860
60.247980
60.257933
60.267876
60.277889
60.288108
60.297759
60.313252
60.323107
60.333020
60.342965
60.353014
60.363006
60.373014
60.382988
60.393033
60.403017
60.413186
60.423255
60.432960
60.443903
60.453057
60.463029
60.473042
60.483342
60.493043
60.503723
60.513031
60.523054
60.533047
60.543058
60.553047
60.563015
60.573016
60.583042
60.593023
60.602991
60.613029
60.623028
60.633053
60.643023
60.653015
60.663033
60.673032
60.683031
60.693142
60.703043
60.713010
60.723052
60.733007
60.742981
60.753105
60.762960
60.772986
60.782957
60.793123
60.802986
60.812966
60.822956
60.832945
60.842994
60.853026
60.862973
60.872983
60.882962
60.893115
60.902960
60.913175
60.923004
60.9330