0.046185
0.066356
0.082611
0.099411
0.116642
0.130852
0.146834
0.159912
0.174184
0.186461
0.198401
0.210704
0.223849
0.235947
0.245989
0.255769
0.265804
0.275884
0.285184
0.294843
0.304685
0.314333
0.324299
0.334454
0.344576
0.354475
0.364560
0.374610
0.385482
0.395074
0.404930
0.414854
0.424831
0.435066
0.444932
0.455319
0.464923
0.475073
0.484942
0.494936
0.504972
0.615725
0.636586
0.656285
0.673852
0.689630
0.700819
0.711407
0.721666
0.731951
0.742205
0.751998
0.761940
0.771356
0.781836
0.791232
0.801211
0.810789
0.820613
0.830310
0.840200
0.850273
0.860178
0.869743
0.879495
0.889059
0.898811
0.908808
0.918800
0.928812
0.938811
0.948788
0.958812
0.968818
0.978818
0.989251
0.999028
1.009009
1.060070
1.072843
1.085773
1.097780
1.109629
1.120777
1.131683
1.142533
1.153232
1.163341
1.173274
1.182989
1.194779
1.204454
1.214076
1.224323
1.233608
1.243415
1.263039
1.283563
1.291959
1.300889
1.310915
1.320974
1.330748
1.340235
1.350214
1.360227
1.370500
1.380374
1.390372
1.400323
1.410326
1.420339
1.430287
1.440264
1.450252
1.460248
1.470281
1.480267
1.490248
1.500333
1.510518
1.564370
1.578734
1.591761
1.604528
1.616242
1.628465
1.639866
1.651186
1.662136
1.673489
1.683675
1.694088
1.703522
1.713919
1.723933
1.733465
1.743426
1.752990
1.762892
1.772563
1.782459
1.792324
1.802371
1.812288
1.821509
1.831646
1.840847
1.850838
1.861006
1.871362
1.881049
1.890949
1.901082
1.910956
1.920880
1.931094
1.940842
1.951037
1.960861
1.970837
1.980861
1.990863
2.000944
2.010893
2.062728
2.075989
2.089208
2.101658
2.113631
2.124549
2.135670
2.146647
2.157384
2.167733
2.177938
2.188155
2.198104
2.207763
2.217268
2.227436
2.237623
2.247132
2.256763
2.266555
2.276264
2.286116
2.296117
2.306454
2.315717
2.325837
2.335121
2.345040
2.354957
2.364969
2.374903
2.384968
2.394901
2.404882
2.414913
2.424891
2.434850
2.444961
2.454845
2.464849
2.474943
2.484949
2.494912
2.504927
2.514882
2.565431
2.579430
2.592199
2.604357
2.615983
2.627970
2.639393
2.650478
2.661072
2.671237
2.681495
2.691629
2.701439
2.711155
2.721810
2.731490
2.740988
2.750995
2.760560
2.770338
2.779943
2.789966
2.799952
2.809873
2.819421
2.829189
2.839041
2.848499
2.858476
2.868510
2.878450
2.888492
2.898466
2.908528
2.918434
2.928446
2.938486
2.948382
2.958465
2.968473
2.978685
2.988497
2.998783
3.008597
3.018560
3.066340
3.078927
3.091785
3.105254
3.117535
3.129444
3.141232
3.152293
3.163303
3.173553
3.183808
3.193988
3.203831
3.213439
3.223480
3.233431
3.243146
3.254072
3.266485
3.275030
3.285026
3.295005
3.305349
3.314667
3.324929
3.334591
3.344039
3.353817
3.363427
3.373186
3.383178
3.393174
3.403192
3.413149
3.423287
3.433244
3.443165
3.453200
3.463195
3.473299
3.483268
3.493236
3.503253
3.513483
3.523397
3.551690
3.569146
3.585833
3.598760
3.611389
3.623250
3.635230
3.647004
3.658053
3.672064
3.682330
3.691925
3.701765
3.711829
3.721830
3.731231
3.741233
3.751662
3.761487
3.770866
3.780892
3.790872
3.800539
3.809840
3.819772
3.829418
3.854581
3.861308
3.871284
3.881342
3.891351
3.901247
3.911274
3.921266
3.931930
3.941438
3.951431
3.961397
3.971908
3.981365
3.991391
4.001300
4.011310
4.021399
4.056642
4.072291
4.085187
4.097901
4.110117
4.121789
4.133086
4.144174
4.154126
4.164255
4.174399
4.184625
4.194281
4.204111
4.214085
4.224103
4.233732
4.243615
4.253515
4.263502
4.273816
4.283114
4.292681
4.302666
4.312667
4.322645
4.331956
4.341948
4.351304
4.361266
4.371270
4.381300
4.391375
4.401335
4.411406
4.421357
4.431279
4.441304
4.451312
4.461288
4.471287
4.481301
4.491441
4.501305
4.511311
4.521342
4.573327
4.596538
4.616652
4.636309
4.653057
4.669253
4.686852
4.700671
4.716769
4.729922
4.744944
4.758172
4.769887
4.781822
5.007916
5.046846
5.103455
5.126802
5.147478
5.166898
5.185859
5.200790
5.218870
5.236795
5.250548
5.267009
5.279076
5.292032
5.305795
5.317260
5.328352
5.339260
5.349495
5.359458
5.369550
5.378638
5.386587
5.396182
5.406226
5.416249
5.426297
5.436267
5.446072
5.456230
5.466192
5.476243
5.486041
5.496239
5.506235
5.516294
5.526063
5.536162
5.546285
5.595286
5.608053
5.620952
5.633148
5.644856
5.656166
5.667054
5.677821
5.688553
5.698757
5.708865
5.718416
5.728343
5.738336
5.748389
5.757828
5.767721
5.777326
5.787283
5.796859
5.806881
5.816182
5.826255
5.836210
5.846239
5.856122
5.865710
5.875673
5.885641
5.895688
5.905644
5.915659
5.925657
5.935627
5.945637
5.955656
5.965658
5.975613
5.985596
5.995609
6.005614
6.015610
6.025615
6.035629
6.045593
6.097118
6.110079
6.122795
6.135009
6.146965
6.158643
6.170095
6.181047
6.192083
6.203039
6.213641
6.223805
6.233527
6.243328
6.253342
6.263341
6.272925
6.282889
6.292530
6.302267
6.312300
6.322295
6.332082
6.341900
6.351408
6.361164
6.370741
6.380474
6.390527
6.400513
6.410488
6.420521
6.430512
6.440525
6.450513
6.460544
6.470541
6.480477
6.490491
6.500485
6.510490
6.520486
6.530523
6.540490
6.550486
6.597768
6.610555
6.623340
6.635813
6.647634
6.659380
6.671363
6.682255
6.693141
6.704088
6.714852
6.725000
6.735172
6.744899
6.754695
6.764691
6.774626
6.784108
6.794160
6.804151
6.813975
6.823649
6.833448
6.843190
6.853326
6.863163
6.872955
6.882529
6.892504
6.902491
6.912326
6.921843
6.931901
6.941830
6.952004
6.961877
6.971886
6.981950
6.991883
7.001893
7.011885
7.021916
7.031870
7.041880
7.051864
7.098689
7.111319
7.124268
7.136612
7.148252
7.159898
7.170874
7.181793
7.192616
7.202956
7.213008
7.222454
7.232407
7.241937
7.251925
7.266384
7.275305
7.284864
7.294631
7.304374
7.314369
7.324793
7.334287
7.344166
7.354385
7.363775
7.373546
7.383372
7.393215
7.403350
7.413267
7.423224
7.433171
7.443372
7.453203
7.463195
7.473369
7.483121
7.493244
7.503160
7.513151
7.523098
7.533103
7.543416
7.553222
7.595644
7.608990
7.622136
7.634839
7.646612
7.662152
7.673957
7.684836
7.695843
7.706832
7.717468
7.727689
7.737618
7.747265
7.757369
7.767382
7.777110
7.786691
7.796761
7.806686
7.816446
7.826154
7.835963
7.845715
7.855711
7.865765
7.875540
7.885069
7.894886
7.904423
7.914400
7.924402
7.934430
7.944399
7.954398
7.964407
7.974695
7.984435
7.994396
8.004408
8.014391
8.024391
8.039433
8.046168
8.056302
8.098665
8.111688
8.124959
8.137667
8.150148
8.162015
8.173951
8.185202
8.196128
8.207722
8.221975
8.232329
8.242654
8.253069
8.262922
8.272699
8.282876
8.292766
8.302255
8.312118
8.321803
8.331652
8.341301
8.351168
8.360710
8.370522
8.380564
8.390783
8.400299
8.409850
8.419785
8.429770
8.439737
8.449760
8.459936
8.482453
8.490752
8.500633
8.510636
8.520990
8.530827
8.540717
8.550722
8.560771
8.580616
8.598303
8.611683
8.624473
8.637294
8.649476
8.661198
8.673219
8.689677
8.700709
8.711701
8.722517
8.732751
8.742800
8.752262
8.762331
8.772327
8.782222
8.792288
8.801738
8.811302
8.821250
8.831289
8.841255
8.850950
8.860862
8.870883
8.880883
8.890134
8.900156
8.910235
8.920159
8.929476
8.939472
8.949471
8.959506
8.969470
8.979467
8.989511
8.999576
9.009496
9.019509
9.029546
9.039516
9.049491
9.059555
9.091527
9.108292
9.124184
9.138815
9.153555
9.167510
9.180428
9.195655
9.208929
9.222898
9.236926
9.248336
9.259859
9.272661
9.283686
9.293802
9.303273
9.312153
9.322157
9.332045
9.342183
9.352136
9.362106
9.372056
9.381892
9.392266
9.402025
9.412250
9.422120
9.432138
9.442121
9.452405
9.462257
9.472171
9.482261
9.492278
9.502245
9.512376
9.522299
9.532270
9.542261
9.552371
9.562518
9.586785
9.612775
9.635297
9.648588
9.661537
9.675991
9.688264
9.701148
9.715501
9.727583
9.738354
9.749148
9.759996
9.770174
9.780151
9.790180
9.800277
9.809631
9.819518
9.829399
9.839399
9.849417
9.859432
9.869469
9.879434
9.889455
9.899408
9.909435
9.917824
9.927027
9.937066
9.946968
9.957023
9.966970
9.980603
9.987474
10.001136
10.007831
10.017880
10.027837
10.037828
10.048238
10.057947
10.067836
10.123910
10.136643
10.148736
10.160506
10.172195
10.183015
10.194075
10.204234
10.214357
10.224605
10.234626
10.244018
10.253874
10.263610
10.273532
10.283711
10.293510
10.303043
10.312944
10.322634
10.332529
10.341926
10.352122
10.362332
10.372494
10.384255
10.391849
10.401449
10.411395
10.421498
10.431508
10.441408
10.451428
10.461323
10.471494
10.481351
10.491527
10.501409
10.511588
10.521405
10.531446
10.541314
10.551324
10.561793
10.571558
10.627030
10.640504
10.653253
10.665539
10.677414
10.688543
10.699453
10.710389
10.721109
10.731236
10.741899
10.751496
10.762640
10.772954
10.782247
10.792054
10.801949
10.811891
10.821502
10.831964
10.841630
10.851032
10.860999
10.870975
10.880491
10.890342
10.900327
10.910455
10.919890
10.929707
10.939646
10.949794
10.959680
10.969638
10.979645
10.989640
10.999648
11.010018
11.019745
11.029738
11.039658
11.049706
11.059703
11.069646
11.126707
11.139749
11.152591
11.164459
11.180893
11.192280
11.202964
11.213174
11.223363
11.233564
11.243279
11.253102
11.262655
11.276882
11.285298
11.295320
11.305294
11.315360
11.324958
11.334946
11.344316
11.354342
11.363558
11.373538
11.383543
11.393533
11.403530
11.413582
11.423543
11.433550
11.443529
11.453654
11.463589
11.473590
11.483597
11.493525
11.503541
11.514237
11.523648
11.533599
11.543550
11.553610
11.563587
11.573583
11.626266
11.644611
11.657397
11.669684
11.681519
11.693301
11.704635
11.715602
11.726591
11.737417
11.747538
11.757805
11.768086
11.778078
11.787612
11.797621
11.807694
11.817355
11.827053
11.836887
11.846582
11.856614
11.866589
11.876417
11.886126
11.896113
11.906296
11.915946
11.925443
11.935210
11.945401
11.955241
11.964883
11.974596
11.984780
11.994746
12.004785
12.014784
12.024751
12.034786
12.044973
12.054768
12.064801
12.074788
12.126949
12.139830
12.152666
12.164793
12.176622
12.187761
12.198682
12.209623
12.220226
12.230336
12.240486
12.250616
12.260459
12.270161
12.279854
12.289506
12.299644
12.309619
12.319284
12.329135
12.338861
12.348638
12.358658
12.368625
12.378426
12.387986
12.398025
12.407973
12.417637
12.427312
12.440394
12.447388
12.457387
12.467434
12.477404
12.487375
12.497360
12.507390
12.517313
12.527319
12.537328
12.547311
12.557316
12.567321
12.577372
12.635189
12.648711
12.661502
12.673625
12.685928
12.696880
12.708054
12.719147
12.729885
12.740837
12.750885
12.760494
12.769798
12.779973
12.789968
12.800124
12.809339
12.819419
12.829543
12.839407
12.849267
12.859063
12.868449
12.878378
12.888590
12.898399
12.907597
12.917805
12.927688
12.941147
12.947992
12.958607
12.967940
12.977945
12.988188
12.997844
13.007940
13.017864
13.027918
13.037995
13.047980
13.058075
13.067887
13.077994
13.131208
13.144467
13.157856
13.170265
13.182139
13.194241
13.205770
13.216737
13.227147
13.238052
13.248100
13.257629
13.267044
13.278445
13.287400
13.297599
13.306853
13.316920
13.326966
13.337102
13.346557
13.356505
13.365846
13.375838
13.385893
13.395892
13.405204
13.415191
13.425234
13.435166
13.445167
13.455217
13.465192
13.475167
13.485162
13.495190
13.505174
13.515168
13.525227
13.535168
13.545168
13.555218
13.565145
13.575082
13.648766
13.673158
13.693128
13.710526
13.729163
13.747542
13.761635
13.776923
13.789056
13.801619
13.814772
13.826621
13.838440
13.854374
13.865033
13.875117
13.885134
13.895265
13.904362
13.914000
13.923849
13.933867
13.943993
13.953875
13.963845
13.973838
13.983847
13.993767
14.003871
14.014127
14.023852
14.033869
14.043861
14.053880
14.063979
14.073841
14.083974
14.164769
14.186456
14.207434
14.227383
14.245942
14.260639
14.277536
14.292279
14.307562
14.320404
14.336090
14.348926
14.361850
14.375803
14.387678
14.399180
14.411007
14.424374
14.433389
14.442505
14.452392
14.462402
14.471816
14.481795
14.491225
14.501112
14.511062
14.521060
14.531041
14.540898
14.551066
14.561046
14.571113
14.580887
14.636820
14.649629
14.662151
14.673994
14.686040
14.697786
14.709141
14.720029
14.730894
14.741699
14.752156
14.762189
14.771855
14.781704
14.791747
14.801714
14.811264
14.821118
14.830886
14.840744
14.850341
14.860240
14.870220
14.880198
14.889759
14.900474
14.909249
14.919085
14.928993
14.941815
14.949050
14.959156
14.968913
14.978907
14.988911
15.001346
15.008982
15.019080
15.028950
15.039038
15.048951
15.058989
15.068909
15.078873
15.088917
15.139372
15.152346
15.165219
15.177721
15.189556
15.201322
15.212867
15.223757
15.234691
15.245780
15.256355
15.266503
15.276299
15.290633
15.300262
15.310248
15.319637
15.329517
15.342528
15.351026
15.360621
15.370563
15.380598
15.390459
15.399977
15.409804
15.419275
15.429207
15.439232
15.449281
15.459298
15.469171
15.479221
15.489224
15.499229
15.509202
15.519238
15.529232
15.539212
15.549262
15.559309
15.569260
15.579236
15.589221
15.639527
15.652370
15.665226
15.677363
15.689135
15.701188
15.712700
15.723709
15.734719
15.745662
15.756167
15.766347
15.776754
15.786939
15.796799
15.806667
15.816554
15.826420
15.836118
15.846017
15.856017
15.865934
15.875478
15.885502
15.895057
15.904983
15.914648
15.924314
15.933787
15.943662
15.953679
15.963657
15.973828
15.983804
15.993698
16.003707
16.013835
16.023743
16.033722
16.043706
16.053726
16.063786
16.073688
16.083655
16.093662
16.142781
16.163898
16.175809
16.187694
16.199296
16.210282
16.221315
16.232341
16.242753
16.252916
16.262542
16.272482
16.282052
16.291949
16.301495
16.311422
16.321381
16.331383
16.340989
16.350965
16.360920
16.370937
16.380355
16.390284
16.400262
16.410335
16.419693
16.429639
16.439639
16.449598
16.459606
16.469684
16.479672
16.489602
16.499605
16.509639
16.519609
16.529650
16.539637
16.550250
16.560276
16.569962
16.579969
16.589993
16.599958
16.623779
16.640701
16.653598
16.666241
16.678881
16.691150
16.702894
16.714642
16.726003
16.736892
16.747830
16.758755
16.769204
16.779385
16.788983
16.798920
16.808933
16.818898
16.828643
16.838442
16.848443
16.858380
16.867951
16.877933
16.887459
16.897464
16.907417
16.917418
16.926790
16.936791
16.946777
16.956793
16.966127
16.976097
16.986232
16.996133
17.006145
17.016172
17.026090
17.036101
17.046104
17.056144
17.066150
17.075915
17.086069
17.096088
17.106086
17.122842
17.136190
17.146281
17.155819
17.166228
17.175135
17.185373
17.195345
17.205489
17.214850
17.224758
17.234249
17.244273
17.254349
17.264318
17.273619
17.284583
17.293020
17.302947
17.312964
17.323014
17.332964
17.345812
17.353205
17.363113
17.373090
17.383089
17.393123
17.403042
17.413025
17.423027
17.433074
17.443043
17.453012
17.463054
17.473016
17.483003
17.493059
17.503022
17.513048
17.523021
17.533010
17.542984
17.553038
17.563107
17.573037
17.583036
17.593029
17.603096
17.623349
17.637580
17.648337
17.658412
17.668469
17.678582
17.688573
17.698175
17.708183
17.718169
17.727954
17.737585
17.751036
17.759698
17.769693
17.779734
17.789366
17.799142
17.808905
17.818395
17.828407
17.838374
17.848132
17.857733
17.867741
17.877729
17.887719
17.897733
17.907803
17.917765
17.927720
17.937741
17.947721
17.957739
17.967731
17.977768
17.987784
17.997752
18.007797
18.017729
18.027788
18.037741
18.047745
18.057806
18.067756
18.077751
18.087785
18.097778
18.107839
18.126637
18.139439
18.152324
18.165238
18.176806
18.188213
18.199097
18.210320
18.223361
18.234722
18.245610
18.255807
18.265856
18.274612
18.284738
18.294617
18.304741
18.314733
18.324608
18.334714
18.344702
18.354477
18.364379
18.374128
18.384345
18.394306
18.404244
18.414371
18.424372
18.434481
18.444362
18.454376
18.464337
18.474464
18.484095
18.494121
18.504312
18.514857
18.524710
18.534580
18.547725
18.556965
18.566926
18.576881
18.586899
18.596824
18.607078
18.616983
18.685445
18.707198
18.728894
18.749427
18.767946
18.785606
18.800374
18.816971
18.831467
18.846891
18.859736
18.875363
18.887699
18.899610
18.912228
18.925119
18.936869
18.951726
18.961703
18.969123
18.979335
18.989128
18.998941
19.008544
19.018487
19.028559
19.038435
19.048487
19.058449
19.068417
19.078414
19.088391
19.098388
19.108418
19.118388
19.169280
19.182363
19.195237
19.207338
19.219362
19.230289
19.241344
19.251552
19.261736
19.271885
19.281840
19.295917
19.305445
19.315434
19.324953
19.334932
19.344523
19.354406
19.364453
19.374395
19.384036
19.393992
19.403958
19.413944
19.423457
19.433336
19.442790
19.452606
19.462652
19.472608
19.482617
19.492622
19.502645
19.512629
19.522635
19.532631
19.542634
19.552789
19.562765
19.572693
19.582638
19.592721
19.602647
19.612651
19.622648
19.673881
19.686500
19.699335
19.711728
19.723572
19.735232
19.751868
19.763735
19.774268
19.784601
19.794765
19.805214
19.814830
19.825072
19.834781
19.844837
19.854448
19.864156
19.873839
19.884732
19.893721
19.903368
19.918837
19.926304
19.941541
19.948480
19.960518
19.968389
19.978493
19.988428
19.999932
20.008329
20.018294
20.028283
20.038211
20.048365
20.058395
20.068302
20.078263
20.088687
20.098342
20.108421
20.118262
20.128322
20.169555
20.182415
20.195146
20.209509
20.221433
20.233311
20.244752
20.255861
20.266967
20.277468
20.287793
20.298114
20.308524
20.317963
20.328002
20.338160
20.348079
20.357488
20.367625
20.377008
20.387064
20.396527
20.406605
20.415903
20.425839
20.435856
20.445886
20.455384
20.465344
20.475284
20.485247
20.495236
20.505279
20.515297
20.525252
20.535246
20.545250
20.555512
20.565308
20.575475
20.585277
20.595305
20.605184
20.615183
20.625207
20.675413
20.688174
20.701119
20.713411
20.725162
20.736652
20.747505
20.758372
20.769246
20.779521
20.789605
20.799087
20.809098
20.819093
20.828918
20.838552
20.848478
20.858016
20.868001
20.877748
20.887660
20.897604
20.907697
20.916968
20.926956
20.936996
20.947002
20.956369
20.966200
20.976431
20.986297
20.996287
21.006118
21.016292
21.026315
21.036282
21.046133
21.056306
21.066684
21.076410
21.086290
21.096355
21.106375
21.116371
21.126361
21.178327
21.191872
21.204830
21.217086
21.229154
21.240876
21.269328
21.290363
21.307972
21.335695
21.351762
21.375260
21.384465
21.394190
21.404247
21.414213
21.423643
21.433872
21.443232
21.453271
21.463369
21.473280
21.482721
21.492691
21.502704
21.512732
21.522014
21.532011
21.542011
21.552186
21.562357
21.572202
21.582152
21.592243
21.602106
21.612124
21.622080
21.632087
21.665799
21.681272
21.694077
21.706929
21.719414
21.731221
21.742258
21.753333
21.764200
21.774958
21.785110
21.795283
21.804829
21.814813
21.824844
21.834744
21.844193
21.854097
21.863730
21.873581
21.883256
21.893329
21.903248
21.913139
21.922572
21.932494
21.941946
21.951944
21.961953
21.971961
21.981927
21.991943
22.002050
22.012013
22.021968
22.032014
22.041961
22.051943
22.062008
22.071936
22.081965
22.091987
22.102053
22.111955
22.121952
22.131977
22.172604
22.186809
22.201556
22.215007
22.226814
22.238746
22.250200
22.261394
22.272706
22.284144
22.294366
22.304856
22.315045
22.324477
22.334479
22.344829
22.354250
22.364322
22.373932
22.383763
22.393663
22.403583
22.413490
22.423050
22.432949
22.442356
22.452385
22.462370
22.472353
22.481778
22.491806
22.501766
22.511827
22.521806
22.531753
22.541742
22.551780
22.562318
22.571774
22.581764
22.591778
22.601690
22.611681
22.621711
22.631723
22.685870
22.707560
22.728675
22.748547
22.767772
22.783579
22.798447
22.814450
22.827990
22.840440
22.854706
22.866590
22.878039
22.896170
22.907196
22.918075
22.928969
22.939114
22.949145
22.959105
22.969052
22.978442
22.988666
22.998380
23.008354
23.018396
23.028403
23.038399
23.049802
23.059050
23.068961
23.079000
23.089036
23.099018
23.108956
23.119056
23.129013
23.138981
23.163845
23.179365
23.196409
23.211598
23.232930
23.248058
23.261053
23.276042
23.287732
23.305710
23.317787
23.328804
23.339747
23.349732
23.359820
23.369010
23.378925
23.389230
23.398962
23.409083
23.419356
23.429135
23.439065
23.448945
23.459064
23.468976
23.479147
23.487610
23.496583
23.506602
23.517072
23.526752
23.536670
23.546623
23.556698
23.566610
23.576422
23.586615
23.598293
23.606690
23.616792
23.627775
23.636755
23.662962
23.686769
23.713645
23.736985
23.760426
23.792001
23.804115
23.814766
23.824858
23.834985
23.844341
23.854461
23.864509
23.874428
23.883803
23.893869
23.903916
23.913972
23.923376
23.933340
23.943994
23.953632
23.963711
23.973678
23.983205
23.993208
24.006326
24.014459
24.023687
24.033677
24.043327
24.053108
24.063040
24.073073
24.083237
24.093129
24.103239
24.113081
24.123082
24.133121
24.143064
24.160866
24.174359
24.184456
24.194011
24.204206
24.213432
24.223408
24.233369
24.243526
24.253121
24.263096
24.272519
24.282534
24.292546
24.302618
24.311817
24.321821
24.331172
24.341174
24.351214
24.361195
24.371225
24.381140
24.391163
24.401265
24.411201
24.421247
24.431197
24.441175
24.451173
24.461258
24.471215
24.481258
24.491223
24.501207
24.511338
24.521192
24.531196
24.541226
24.551206
24.561258
24.571174
24.581154
24.591172
24.603382
24.611184
24.621167
24.631199
24.641126
24.661597
24.677712
24.689783
24.701644
24.712664
24.723506
24.734373
24.745246
24.755327
24.765418
24.774975
24.784981
24.794960
24.804763
24.814435
24.824422
25.987970
26.025223
26.042857
26.056080
26.069105
26.082325
26.094336
26.105668
26.116901
26.127873
26.138710
26.149022
26.159280
26.168839
26.178856
26.188314
26.198451
26.208936
26.218102
26.227799
26.237835
26.247891
26.257533
26.267314
26.277354
26.287364
26.297291
26.306777
26.316744
26.326718
26.336481
26.346040
26.356091
26.366040
26.376015
26.386010
26.396021
26.405960
26.415968
26.425988
26.435991
26.445942
26.455982
26.467522
26.477449
26.487431
26.536013
26.548789
26.561606
26.574080
26.586282
26.598480
26.610722
26.621686
26.632681
26.643707
26.654295
26.664488
26.674862
26.684528
26.694022
26.703942
26.714160
26.723514
26.733617
26.743491
26.753067
26.762931
26.772529
26.782390
26.792236
26.802243
26.812057
26.821748
26.831863
26.842011
26.852026
26.861876
26.871860
26.881917
26.891849
26.902037
26.911864
26.922104
26.932025
26.942264
26.952117
26.961917
26.972154
26.981948
26.992045
27.031397
27.051909
27.068607
27.080925
27.093082
27.104056
27.115036
27.126191
27.136872
27.147113
27.157254
27.166832
27.176813
27.187437
27.196984
27.206851
27.216246
27.226188
27.235765
27.245510
27.255893
27.265637
27.275338
27.284847
27.294847
27.309136
27.316074
27.325948
27.335869
27.346070
27.355945
27.366030
27.376009
27.385930
27.395990
27.406213
27.415929
27.425934
27.435871
27.445937
27.455902
27.466031
27.475854
27.485927
27.495938
27.519804
27.537450
27.550682
27.564213
27.577627
27.590007
27.602030
27.613983
27.625181
27.636831
27.647957
27.658929
27.669092
27.679261
27.689822
27.699963
27.709880
27.719733
27.729079
27.738904
27.748470
27.758947
27.768533
27.778605
27.788100
27.798151
27.808640
27.817511
27.827264
27.837021
27.847975
27.857024
27.867068
27.876899
27.886889
27.896917
27.906917
27.916905
27.926917
27.937008
27.946903
27.956896
27.966919
27.977066
27.986966
27.996965
28.027432
28.047914
28.067742
28.086430
28.102796
28.119306
28.136101
28.149168
28.164809
28.178067
28.190356
28.204941
28.218437
28.230930
28.243524
28.256253
28.266460
28.276553
28.289019
28.298940
28.308148
28.318140
28.329868
28.339073
28.349010
28.359057
28.369054
28.379003
28.389019
28.399300
28.409015
28.421810
28.430427
28.440515
28.450663
28.460801
28.470520
28.480520
28.490564
28.500532
28.520933
28.537288
28.549973
28.564427
28.576813
28.588029
28.625730
28.635966
28.645194
28.655141
28.665175
28.675152
28.685495
28.694931
28.704885
28.715132
28.727005
28.736763
28.746484
28.756045
28.766014
28.776057
28.785991
28.795996
28.806030
28.816016
28.825892
28.835897
28.845969
28.854213
28.863767
28.873679
28.883668
28.893532
28.903679
28.913701
28.923750
28.933701
28.943661
28.953707
28.963854
28.973702
28.983745
28.993725
29.003670
29.019773
29.032936
29.043267
29.052947
29.063056
29.072227
29.082210
29.091730
29.101770
29.111844
29.121829
29.131359
29.141356
29.150667
29.160647
29.174530
29.181394
29.191343
29.201336
29.211259
29.221263
29.231239
29.241320
29.251277
29.261244
29.271316
29.281204
29.291195
29.301185
29.312160
29.321345
29.331300
29.341271
29.351220
29.361230
29.371290
29.381296
29.391229
29.401274
29.411276
29.421204
29.431197
29.441183
29.451250
29.461221
29.471225
29.481277
29.491211
29.501243
29.520773
29.535361
29.546898
29.557295
29.571112
29.580891
29.590343
29.600246
29.610134
29.620089
29.629834
29.643530
29.651596
29.662335
29.671674
29.681877
29.690954
29.700901
29.710958
29.720896
29.730448
29.740326
29.750489
29.760309
29.770317
29.780308
29.790276
29.800519
29.810263
29.820291
29.830384
29.840310
29.850266
29.860277
29.870322
29.880307
29.890384
29.900281
29.910267
29.920282
29.930263
29.940362
29.950311
29.960293
29.970352
29.980198
29.990267
30.000193
30.010262
30.065870
30.078829
30.092076
30.103990
30.116246
30.127876
30.139423
30.150224
30.161049
30.172027
30.182407
30.192696
30.202616
30.212217
30.222271
30.232162
30.241594
30.251622
30.261300
30.271196
30.281215
30.291251
30.300817
30.310757
30.320816
30.330809
30.340166
30.350046
30.360102
30.373221
30.380232
30.390016
30.401174
30.409959
30.419964
30.429930
30.439960
30.449901
30.459978
30.470127
30.479970
30.489977
30.500055
30.509982
30.564619
30.578091
30.591516
30.603691
30.615803
30.627578
30.645388
30.656263
30.666360
30.676617
30.686557
30.696326
30.706344
30.716114
30.725754
30.735746
30.745736
30.755497
30.765183
30.775039
30.784789
30.794690
30.804789
30.814544
30.824072
30.833867
30.843339
30.853357
30.863346
30.873347
30.883328
30.893394
30.903381
30.913383
30.923356
30.933297
30.943313
30.954832
30.963362
30.973313
30.983288
30.993304
31.003294
31.013331
31.074836
31.099739
31.112838
31.131848
31.143365
31.154363
31.172312
31.188466
31.199505
31.209930
31.225949
31.235557
31.251249
31.260514
31.270198
31.288656
31.298608
31.321315
31.329400
31.347887
31.355643
31.365295
31.381311
31.391190
31.407144
31.414234
31.423841
31.439122
31.448696
31.465142
31.471937
31.481838
31.498102
31.505219
31.514939
31.584117
31.609007
31.621180
31.633403
31.644730
31.655706
31.666304
31.676438
31.698089
31.707136
31.717178
31.743251
31.753329
31.762278
31.779197
31.788858
31.805683
31.812998
31.831683
31.838830
31.848358
31.864429
31.871245
31.881432
31.897472
31.907126
31.923395
31.930303
31.940139
31.956751
31.963453
31.973514
31.989998
31.996692
32.006648
32.020109
32.086334
32.110355
32.122610
32.140675
32.150831
32.166987
32.176659
32.186744
32.202490
32.212088
32.226955
32.235419
32.245224
32.259605
32.267710
32.277711
32.291297
32.300059
32.308072
32.325284
32.335649
32.354190
32.360830
32.370851
32.387058
32.393945
32.408021
32.414707
32.424701
32.439123
32.445900
32.455797
32.470484
32.477158
32.487213
32.497144
32.507190
32.517198
32.568302
32.586145
32.599970
32.616845
32.629999
32.658103
32.678068
32.697354
32.708445
32.719868
32.731513
32.742989
32.753537
32.762525
32.771294
32.781906
32.791868
32.810348
32.824794
32.840031
32.849412
32.859337
32.876646
32.885856
32.902145
32.910780
32.933740
32.942498
32.958990
32.968383
32.978255
32.991027
33.000067
33.010089
33.020128
33.081419
33.107307
33.128067
33.147982
33.167586
33.186958
33.205544
33.220542
33.237587
33.251743
33.266714
33.279017
33.292774
33.306197
33.318783
33.329768
33.340861
33.351128
33.361988
33.371506
33.379338
33.388719
33.398657
33.408709
33.418674
33.428675
33.439118
33.448787
33.458750
33.468768
33.478682
33.488709
33.498668
33.508692
33.518672
33.574192
33.587184
33.600336
33.612278
33.624113
33.636764
33.653204
33.666501
33.676923
33.688511
33.698721
33.708430
33.723403
33.732583
33.742625
33.752751
33.762284
33.771911
33.781906
33.791472
33.801513
33.810862
33.820772
33.830763
33.841237
33.850172
33.860186
33.870184
33.880399
33.890125
33.900349
33.910214
33.920255
33.930351
33.940228
33.950573
33.960191
33.970183
33.980391
33.990042
34.000024
34.009907
34.019914
34.072643
34.085876
34.098936
34.111213
34.123713
34.134658
34.145674
34.159271
34.169788
34.180153
34.190471
34.200706
34.210212
34.220222
34.232160
34.243165
34.252239
34.262319
34.272285
34.282052
34.291717
34.301615
34.311215
34.321275
34.332426
34.342120
34.350715
34.361940
34.370001
34.379931
34.390064
34.399977
34.410020
34.419980
34.431249
34.440084
34.450981
34.460059
34.470123
34.480883
34.491579
34.500003
34.510024
34.519988
34.580018
34.592968
34.606948
34.619218
34.630429
34.643712
34.654048
34.665730
34.678087
34.688024
34.697610
34.707629
34.717587
34.727246
34.737024
34.746713
34.756533
34.767441
34.777900
34.786224
34.797413
34.805840
34.815505
34.825160
34.834846
34.844875
34.854837
34.864840
34.874793
34.887359
34.894924
34.904924
34.914927
34.924889
34.934938
34.944912
34.956132
34.964908
34.974983
34.984925
34.994856
35.004936
35.014804
35.024929
35.075596
35.088600
35.101331
35.113901
35.125638
35.137459
35.149482
35.160576
35.171732
35.182900
35.193911
35.204197
35.214010
35.223894
35.234004
35.243924
35.253341
35.263593
35.272861
35.282789
35.292794
35.302880
35.312303
35.326708
35.334447
35.344134
35.354056
35.363981
35.373350
35.383760
35.393660
35.403431
35.413458
35.423379
35.433411
35.443435
35.453217
35.463417
35.473782
35.483604
35.493516
35.503587
35.513815
35.523667
35.576056
35.589858
35.603361
35.615397
35.627117
35.638382
35.649678
35.660135
35.670607
35.680896
35.690807
35.700504
35.711124
35.721256
35.730532
35.740282
35.750210
35.760156
35.769872
35.779740
35.789546
35.799402
35.809419
35.819347
35.829019
35.838641
35.848711
35.858636
35.868255
35.878136
35.888054
35.897997
35.908213
35.918025
35.928213
35.937984
35.949718
35.958220
35.968155
35.978048
35.988020
35.997988
36.008065
36.018028
36.028118
36.078745
36.092359
36.105542
36.118149
36.130663
36.142535
36.154026
36.165013
36.176131
36.187425
36.198074
36.208350
36.218657
36.228844
36.238681
36.248352
36.257909
36.267870
36.277834
36.287865
36.297670
36.307499
36.317007
36.326931
36.336404
36.346280
36.356361
36.366277
36.375646
36.385620
36.395692
36.405626
36.415647
36.426053
36.435719
36.445609
36.455776
36.465700
36.475844
36.485669
36.496084
36.505719
36.515691
36.525631
36.579309
36.592559
36.605775
36.619103
36.630951
36.643040
36.654473
36.665439
36.676381
36.688172
36.698727
36.709052
36.719074
36.728670
36.738600
36.748780
36.758147
36.768299
36.777599
36.787680
36.797164
36.807142
36.817428
36.827297
36.836516
36.846823
36.855834
36.865807
36.875790
36.886027
36.895856
36.905944
36.915884
36.925884
36.935894
36.945986
36.956082
36.965918
36.976107
36.985964
36.995971
37.006095
37.015932
37.025881
37.097636
37.121022
37.144234
37.164243
37.181634
37.200351
37.219511
37.236455
37.249941
37.265912
37.278743
37.291771
37.306054
37.317788
37.329828
37.341469
37.354115
37.365815
37.375957
37.385833
37.395079
37.404718
37.414639
37.425108
37.435375
37.444890
37.454864
37.465253
37.474980
37.484879
37.494864
37.505336
37.514759
37.524967
37.534995
37.586133
37.608204
37.628746
37.648477
37.667098
37.684108
37.699886
37.718117
37.734392
37.748469
37.761639
37.776791
37.788972
37.801724
37.816189
37.827723
37.839430
37.851241
37.863481
37.875365
37.883956
37.893368
37.902725
37.921155
37.935129
37.949923
37.964981
37.976520
37.995545
38.010134
38.018080
38.026798
38.036723
38.062272
38.073490
38.084556
38.093693
38.103642
38.113639
38.123210
38.132723
38.142824
38.152486
38.162459
38.172263
38.182625
38.191637
38.202450
38.212962
38.221887
38.233233
38.241921
38.251884
38.261878
38.273118
38.281852
38.291761
38.301942
38.311822
38.321853
38.331973
38.341921
38.351808
38.361996
38.371960
38.381939
38.393316
38.403171
38.413194
38.424479
38.433142
38.443100
38.453202
38.463163
38.473200
38.483807
38.493700
38.503691
38.514948
38.524753
38.534736
38.580391
38.593486
38.608697
38.621370
38.635717
38.647681
38.659459
38.673215
38.683860
38.696203
38.705837
38.715742
38.727756
38.737319
38.746842
38.758351
38.766951
38.776908
38.786865
38.798416
38.806439
38.816407
38.827381
38.837275
38.846492
38.856707
38.866680
38.876629
38.886309
38.896179
38.906117
38.916692
38.926602
38.936632
38.946581
38.957856
38.966848
38.977940
38.986571
38.996585
39.007970
39.016707
39.026642
39.037924
39.081597
39.096852
39.109917
39.122506
39.136746
39.147975
39.161237
39.172440
39.183240
39.195391
39.206150
39.216272
39.228132
39.237795
39.247106
39.258989
39.267918
39.277956
39.289169
39.297679
39.307269
39.318647
39.327515
39.338602
39.349386
39.357910
39.368092
39.379242
39.388029
39.398021
39.408026
39.418018
39.427931
39.437906
39.449196
39.458023
39.469292
39.478018
39.488014
39.499204
39.508081
39.517974
39.527975
39.538082
39.587723
39.604072
39.617365
39.631493
39.643862
39.657977
39.669094
39.680135
39.693025
39.704320
39.714691
39.724602
39.734110
39.744134
39.754182
39.763797
39.773649
39.783692
39.793635
39.803249
39.813120
39.822909
39.832652
39.842669
39.852722
39.862270
39.872036
39.881611
39.891351
39.901330
39.911334
39.921433
39.931392
39.941359
39.951393
39.961700
39.971414
39.981401
39.991488
40.001421
40.011366
40.021386
40.031402
40.041356
40.079059
40.092780
40.105802
40.119047
40.131307
40.143397
40.155216
40.166910
40.177931
40.188931
40.199877
40.210225
40.220377
40.230209
40.239936
40.249819
40.259829
40.269337
40.279366
40.289356
40.299366
40.308878
40.318822
40.328404
40.338465
40.348387
40.358358
40.367740
40.377705
40.387778
40.397737
40.407274
40.417942
40.427233
40.437398
40.447212
40.457154
40.467150
40.477123
40.487136
40.497126
40.507579
40.517532
40.527137
40.537161
40.546930
40.566470
40.582708
40.594950
40.606913
40.617773
40.628664
40.639836
40.650812
40.661241
40.671412
40.681515
40.691358
40.701059
40.710950
40.720993
40.730762
40.740674
40.750244
40.760039
40.769848
40.779549
40.789555
40.799529
40.809705
40.819224
40.829154
40.838585
40.848365
40.858314
40.868346
40.878270
40.888332
40.898779
40.908720
40.918625
40.928603
40.938619
40.950691
40.959066
40.969251
40.978720
40.989025
40.998742
41.008711
41.018645
41.028973
41.038744
41.048993
41.066864
41.082708
41.094220
41.105213
41.116339
41.127202
41.137548
41.148128
41.157798
41.167654
41.177167
41.187547
41.196723
41.207037
41.217360
41.226757
41.236273
41.246195
41.256967
41.266251
41.275603
41.285531
41.298516
41.306228
41.315561
41.325437
41.336199
41.345301
41.355347
41.365294
41.375257
41.385282
41.395293
41.405306
41.415448
41.425348
41.435371
41.445532
41.455644
41.465243
41.475274
41.485245
41.495248
41.505242
41.515731
41.525694
41.535385
41.545346
41.555288
41.627015
41.650355
41.670609
41.690838
41.709354
41.729108
41.747266
41.761734
41.776950
41.789893
41.804850
41.816958
41.828309
41.840000
41.852331
41.863926
41.875823
41.886873
41.897446
41.907411
41.917314
41.926562
41.936517
41.946557
41.956497
41.966523
41.976831
41.986779
41.996789
42.006740
42.016727
42.026697
42.036725
42.046705
42.056749
42.137627
42.160435
42.180237
42.199830
42.219355
42.238194
42.254178
42.267960
42.281358
42.296452
42.308618
42.320990
42.335449
42.346965
42.358344
42.369306
42.379940
42.389997
42.400079
42.410126
42.417594
42.426859
42.436844
42.446818
42.456870
42.466830
42.476848
42.486891
42.499617
42.507008
42.517001
42.527025
42.536922
42.546924
42.556930
42.608913
42.621761
42.635045
42.647215
42.659038
42.671150
42.682800
42.693838
42.704860
42.715808
42.726174
42.736423
42.746681
42.756972
42.766411
42.776640
42.785993
42.796014
42.805459
42.815458
42.825476
42.835491
42.845004
42.855013
42.864336
42.874314
42.884323
42.894367
42.903624
42.913683
42.923701
42.938370
42.945223
42.955176
42.965165
42.975150
42.985120
42.995202
43.005101
43.015081
43.025099
43.035072
43.045059
43.055098
43.109305
43.122869
43.135972
43.147948
43.160094
43.170980
43.181866
43.192994
43.203500
43.213617
43.223972
43.234012
43.243659
43.253515
43.263368
43.272932
43.282940
43.292914
43.302785
43.312474
43.322481
43.332456
43.345707
43.353757
43.363789
43.373777
43.383182
43.393058
43.403153
43.413073
43.422448
43.436855
43.443759
43.453743
43.466415
43.476369
43.486216
43.497452
43.507414
43.517285
43.530870
43.540791
43.552015
43.560825
43.612782
43.625962
43.638795
43.651507
43.663315
43.674685
43.685864
43.696875
43.707775
43.718113
43.727904
43.737980
43.747357
43.757226
43.767146
43.777340
43.786819
43.796915
43.806473
43.816296
43.826451
43.836403
43.845856
43.855637
43.865824
43.875647
43.885121
43.894935
43.904892
43.914956
43.925107
43.934950
43.944883
43.955123
43.964990
43.974873
43.985142
43.994978
44.004981
44.015094
44.024942
44.034919
44.045058
44.054913
44.064991
44.116417
44.129370
44.142744
44.154951
44.167011
44.178519
44.189877
44.201376
44.212061
44.222420
44.232351
44.242070
44.252176
44.262393
44.271526
44.281329
44.291254
44.301419
44.311388
44.321159
44.330725
44.340573
44.350615
44.360652
44.370052
44.379871
44.389376
44.399164
44.409288
44.419337
44.429128
44.439169
44.449893
44.459241
44.469006
44.479218
44.489287
44.499267
44.509124
44.519261
44.529274
44.539200
44.549351
44.559184
44.569169
44.617685
44.630714
44.643757
44.656149
44.668014
44.679391
44.690365
44.701409
44.731785
44.756636
44.768957
44.778646
44.788553
44.797858
44.807996
44.818050
44.828032
44.837603
44.847481
44.857461
44.867432
44.876960
44.887012
44.896301
44.906335
44.916360
44.926323
44.935647
44.945730
44.955728
44.965670
44.975690
44.985741
44.995729
45.005692
45.015684
45.025743
45.035689
45.045676
45.055725
45.065687
45.075701
45.106742
45.123412
45.136352
45.149066
45.161649
45.174246
45.185555
45.196614
45.207607
45.218454
45.228712
45.238792
45.248493
45.258431
45.268444
45.278226
45.287866
45.297718
45.307414
45.317428
45.327469
45.338025
45.346990
45.356914
45.366992
45.376804
45.386202
45.396156
45.405535
45.416163
45.425608
45.435858
45.445639
45.455554
45.465548
45.475586
45.485596
45.495601
45.505569
45.515578
45.525610
45.535596
45.545571
45.563023
45.569801
45.579823
45.600220
45.618032
45.631061
45.643907
45.657682
45.670581
45.682589
45.694973
45.707041
45.718298
45.729318
45.751718
45.762329
45.773281
45.783200
45.793460
45.802956
45.812531
45.822285
45.832618
45.842309
45.852068
45.862338
45.871505
45.881398
45.890977
45.900842
45.916309
45.926171
45.936192
45.946124
45.957836
45.966004
45.976012
45.986434
45.996132
46.006098
46.015959
46.026111
46.035965
46.045971
46.056084
46.066093
46.075999
46.086005
46.166665
46.189165
46.210559
46.232965
46.249633
46.266561
46.279425
46.295054
46.308082
46.320412
46.333958
46.346307
46.357851
46.369169
46.380107
46.391662
46.403532
46.424081
46.433072
46.442657
46.452570
46.462680
46.472787
46.482653
46.492552
46.502580
46.512590
46.523317
46.532798
46.542550
46.552651
46.563707
46.573960
46.582922
46.592807
46.668828
46.688856
46.708996
46.728745
46.748052
46.765962
46.779439
46.794818
46.820029
46.835038
46.847358
46.859175
46.870690
46.883661
46.895047
46.905081
46.915187
46.925314
46.934943
46.942519
46.952045
46.961959
46.978645
46.985448
46.995371
47.005359
47.015347
47.025293
47.035301
47.045411
47.055877
47.065348
47.075369
47.085393
47.095301
47.167856
47.180309
47.192268
47.204341
47.216009
47.226899
47.237743
47.248683
47.259032
47.269358
47.279461
47.289074
47.298853
47.318161
47.326946
47.336841
47.351206
47.359528
47.369260
47.379340
47.389258
47.398905
47.409011
47.418198
47.427861
47.437837
47.447925
47.457910
47.467949
47.477920
47.488345
47.498054
47.514389
47.521347
47.531175
47.541181
47.551158
47.561241
47.571047
47.581037
47.591600
47.601215
47.651330
47.664728
47.677440
47.701663
47.713456
47.725052
47.736109
47.746760
47.757636
47.768042
47.778280
47.788066
47.797892
47.807926
47.817775
47.827420
47.837336
47.847585
47.857351
47.866979
47.876882
47.886848
47.896801
47.906480
47.916479
47.926355
47.936456
47.945931
47.955680
47.965337
47.975045
47.985022
47.995027
48.005003
48.015005
48.024991
48.035034
48.045010
48.054984
48.065053
48.075010
48.085026
48.095018
48.105018
48.144760
48.157836
48.171215
48.184223
48.196517
48.208706
48.220984
48.232312
48.243213
48.253597
48.263834
48.273439
48.283606
48.292906
48.302799
48.312935
48.322895
48.332454
48.342612
48.351907
48.361983
48.371320
48.381067
48.390608
48.400615
48.410559
48.420529
48.430611
48.440582
48.450607
48.460601
48.470663
48.480532
48.490878
48.507551
48.514344
48.524284
48.534268
48.544297
48.554273
48.564256
48.574280
48.584698
48.594316
48.604252
48.646923
48.659612
48.672310
48.685387
48.697157
48.709285
48.731940
48.743209
48.755031
48.766008
48.776328
48.787136
48.796979
48.806656
48.816089
48.826116
48.836080
48.845962
48.855794
48.865556
48.875605
48.885490
48.895297
48.913099
48.921254
48.930720
48.940440
48.949989
48.959819
48.970241
48.979871
48.989869
48.999780
49.009885
49.019839
49.029838
49.039812
49.049843
49.059883
49.069802
49.079794
49.096435
49.103509
49.153287
49.166492
49.179574
49.191808
49.203876
49.215833
49.227703
49.238783
49.249835
49.260887
49.271457
49.291793
49.301468
49.311472
49.321294
49.331204
49.340961
49.351596
49.360259
49.370297
49.380348
49.389982
49.399822
49.409895
49.419833
49.429393
49.439165
49.448789
49.458433
49.468431
49.478477
49.488687
49.498506
49.508536
49.518536
49.528457
49.538449
49.548447
49.558586
49.568439
49.578273
49.588257
49.598494
49.608431
49.662609
49.675469
49.688697
49.700650
49.713024
49.725642
49.737190
49.748250
49.759142
49.769926
49.779935
49.790001
49.800015
49.810202
49.819614
49.829620
49.851352
49.860649
49.870278
49.880846
49.890326
49.899949
49.909823
49.919361
49.929412
49.939426
49.949339
49.958846
49.968753
49.978841
49.988621
49.998028
50.008014
50.023220
50.033130
50.043140
50.053152
50.063225
50.073553
50.083112
50.093053
50.103074
50.113185
50.133450
50.150384
50.163717
50.176337
50.202102
50.213976
50.226123
50.237528
50.249313
50.260386
50.270618
50.280845
50.291085
50.300891
50.310764
50.320675
50.330801
50.340195
50.358754
50.367478
50.377289
50.387726
50.396999
50.406778
50.416750
50.426758
50.436407
50.446122
50.455738
50.465431
50.475481
50.485415
50.495455
50.512365
50.519149
50.529137
50.539473
50.549125
50.559510
50.569548
50.579108
50.589058
50.599068
50.609097
50.619086
50.718293
50.739604
50.760318
50.778426
50.796605
50.827612
50.842794
50.857416
50.871805
50.886559
50.898679
50.910370
50.923023
50.935785
51.099063
51.145431
51.216789
51.238748
51.280864
51.297673
51.314149
51.328322
51.342520
51.359714
51.373902
51.399086
51.410678
51.422274
51.432397
51.443423
51.454279
51.463555
51.471905
51.481000
51.491064
51.500984
51.510967
51.521023
51.537913
51.544680
51.554734
51.564775
51.574688
51.584677
51.595200
51.604936
51.614925
51.624955
51.635041
51.644949
51.699859
51.712597
51.725544
51.738028
51.750684
51.762770
51.774170
51.785193
51.795634
51.806037
51.816321
51.826660
51.836145
51.846214
51.855644
51.865680
51.875661
51.885687
51.895236
51.905687
51.914765
51.924729
51.934657
51.944950
51.954217
51.964313
51.974216
51.984215
51.993466
52.003531
52.013494
52.023547
52.033487
52.043461
52.053529
52.063428
52.073456
52.083491
52.093506
52.111042
52.117858
52.127821
52.137818
52.147901
52.205392
52.218498
52.232187
52.244293
52.256200
52.279964
52.291055
52.302754
52.314005
52.324121
52.334223
52.344354
52.354478
52.364297
52.374219
52.384234
52.394300
52.403540
52.413482
52.431203
52.439439
52.449258
52.459374
52.469233
52.479167
52.488944
52.498888
52.508887
52.518453
52.528305
52.538354
52.548369
52.558438
52.575104
52.581938
52.591853
52.601894
52.611853
52.621951
52.632274
52.641899
52.651848
52.705442
52.718391
52.745191
52.757459
52.769987
52.781287
52.792257
52.803242
52.814456
52.824792
52.834910
52.845030
52.855051
52.864650
52.885213
52.894651
52.904161
52.914983
52.924039
52.933846
52.943768
52.953791
52.963328
52.973446
52.982611
52.992671
53.002661
53.012614
53.021954
53.035675
53.045519
53.055531
53.065495
53.075528
53.085965
53.095588
53.105585
53.115471
53.125471
53.135467
53.145468
53.155475
53.198113
53.214520
53.228464
53.241344
53.254602
53.266701
53.278595
53.290729
53.302345
53.313414
53.333649
53.343387
53.353912
53.363969
53.373476
53.383584
53.392986
53.402979
53.412957
53.422663
53.432534
53.442201
53.452019
53.462059
53.478923
53.486256
53.496276
53.506197
53.516184
53.526116
53.535812
53.545858
53.555731
53.565657
53.575697
53.585930
53.595693
53.605920
53.615451
53.632061
53.641948
53.651811
53.661705
53.710730
53.723680
53.737406
53.749792
53.761605
53.773596
53.796225
53.807837
53.819610
53.830183
53.841046
53.850851
53.860617
53.870680
53.880625
53.890137
53.900410
53.909607
53.919893
53.929687
53.947785
53.956003
53.965910
53.975884
53.985562
53.995205
54.005009
54.014929
54.024521
54.034458
54.044400
54.054521
54.064398
54.074376
54.084375
54.094410
54.104366
54.114472
54.124415
54.134511
54.144553
54.154613
54.164636
54.206195
54.218894
54.231795
54.244391
54.256684
54.268714
54.280506
54.291864
54.302956
54.313494
54.323662
54.333880
54.344119
54.353728
54.363672
54.373077
54.383128
54.393009
54.403004
54.412585
54.422579
54.432527
54.442337
54.451524
54.461500
54.471539
54.481578
54.490857
54.500857
54.510846
54.520903
54.530978
54.540865
54.550865
54.560956
54.570874
54.580859
54.590898
54.601224
54.610907
54.620871
54.630826
54.640863
54.651002
54.660948
54.670981
54.691420
54.708327
54.721369
54.734372
54.747106
54.759494
54.771407
54.783268
54.794884
54.805763
54.816349
54.826436
54.836835
54.847025
54.856801
54.866552
54.876211
54.886006
56.689261
56.756130
56.777855
56.797876
56.817151
56.834883
56.849909
56.867233
56.880999
56.896449
56.909401
56.923734
56.936821
56.948878
56.960887
56.974521
56.986240
56.997316
57.007429
57.017528
57.026867
57.036811
57.046795
57.056798
57.066786
57.076740
57.086823
57.096757
57.106780
57.116804
57.126883
57.136794
57.146855
57.156781
57.166757
57.176765
57.187147
57.197393
57.237172
57.258933
57.278451
57.298162
57.316175
57.330040
57.346812
57.363998
57.377781
57.390052
57.405265
57.417551
57.429222
57.441080
57.454506
57.466190
57.477109
57.487226
57.497259
57.507581
57.517455
57.526711
57.536876
57.544748
57.554365
57.564368
57.574365
57.584293
57.594427
57.604294
57.614294
57.624284
57.634347
57.644424
57.654324
57.664547
57.674314
57.684424
57.694388
57.736404
57.749690
57.763017
57.776274
57.788493
57.800639
57.812622
57.824301
57.835347
57.846925
57.857845
57.868115
57.878382
57.887888
57.898286
57.907962
57.917863
57.927495
57.937304
57.947390
57.956951
57.966898
57.976875
57.986410
57.996791
58.005772
58.016045
58.025886
58.036063
58.045224
58.055143
58.065145
58.075124
58.085104
58.095113
58.105113
58.115123
58.125139
58.135142
58.145063
58.155889
58.165162
58.175127
58.185144
58.195081
58.238254
58.251614
58.264588
58.277469
58.289446
58.301869
58.314417
58.325715
58.336745
58.347800
58.358531
58.368913
58.378965
58.388850
58.398627
58.408051
58.418083
58.428041
58.438258
58.447570
58.457561
58.466967
58.476958
58.487430
58.497062
58.506414
58.516469
58.526544
58.536485
58.545754
58.555818
58.565935
58.575685
58.585634
58.595645
58.605624
58.615669
58.625693
58.635614
58.645708
58.655604
58.665653
58.675635
58.685614
58.695661
58.743579
58.757051
58.770796
58.783273
58.795277
58.806718
58.817641
58.827994
58.838358
58.848624
58.858786
58.868386
58.878295
58.887770
58.897776
58.907789
58.917696
58.927377
58.937270
58.946930
58.956841
58.966931
58.976893
58.986165
58.996161
59.006158
59.016167
59.025474
59.035682
59.045499
59.055545
59.065475
59.075533
59.085534
59.095597
59.105485
59.115497
59.125362
59.135476
59.145520
59.155525
59.165342
59.175436
59.185471
59.195427
59.233925
59.247860
59.260752
59.273684
59.286195
59.298272
59.310115
59.321986
59.332974
59.343858
59.354731
59.369718
59.380179
59.390407
59.400605
59.410318
59.420080
59.429634
59.439638
59.449196
59.459077
59.469115
59.479042
59.488685
59.498658
59.508057
59.517926
59.527958
59.537949
59.547367
59.557426
59.567214
59.577284
59.587247
59.597308
59.609602
59.619410
59.629413
59.639409
59.649435
59.659420
59.669415
59.679421
59.689386
59.699418
59.729397
59.747596
59.760825
59.773759
59.786726
59.798646
59.809895
59.820849
59.831169
59.841291
59.851431
59.861733
59.871121
59.881249
59.890718
59.901151
59.910134
59.920189
59.930191
59.940149
59.949669
59.959688
59.969043
59.979066
59.989079
59.999431
60.008375
60.018524
60.028469
60.038434
60.048423
60.058460
60.068457
60.078407
60.088417
60.098491
60.108433
60.118426
60.128455
60.138498
60.148702
60.158430
60.168599
60.178482
60.188428
60.198556
60.234083
60.250316
60.263044
60.275861
60.288131
60.300083
60.311243
60.322403
60.333254
60.344072
60.354220
60.364316
60.373782
60.383872
60.393826
60.407791
60.416835
60.426627
60.436222
60.446431
60.456351
60.465934
60.475756
60.485759
60.495929
60.505655
60.515163
60.525027
60.535176
60.544833
60.554461
60.564493
60.575074
60.584552
60.594620
60.604521
60.614559
60.624556
60.634537
60.644532
60.654528
60.664557
60.674515
60.684532
60.694544
60.704576
60.729496
60.747493
60.760095
60.772977
60.785735
60.797405
60.813749
60.824945
60.836029
60.847043
60.857176
60.867141
60.876837
60.886744
60.896684
60.906513
60.916371
60.926109
60.935660
60.945648
60.955652
60.965597
60.975201
60.985213
60.994524
61.004496
61.013940
61.023927
61.033896
61.043909
61.053913
61.063864
61.073842
61.083842
61.093848
61.103862
61.113833
61.123860
61.133792
61.143844
61.153781
61.163791
61.173792
61.184410
61.194008
61.204104
61.240347
61.260374
61.281342
61.299191
61.317021
61.332740
61.348149
61.363602
61.379200
61.394101
61.407604
61.419735
61.433744
61.446442
61.457995
61.469294
61.480301
61.490939
61.501059
61.511208
61.521329
61.530456
61.540207
61.550288
61.574955
61.583613
61.593456
61.607453
61.616873
61.626765
61.645834
61.655903
61.667269
61.676562
61.686521
61.696471
61.706783
61.732735
61.742744
61.753625
61.763501
61.771873
61.782126
61.803830
61.812329
61.821842
61.831861
61.841857
61.852480
61.862457
61.879421
61.890322
61.899651
61.909490
61.919560
61.929553
61.939529
61.959439
61.968923
61.978631
61.988636
61.998705
62.008693
62.018656
62.038513
62.048288
62.057828
62.065530
62.075264
62.085212
62.095204
62.114442
62.122948
62.131115
62.141158
62.151160
62.161101
62.171132
62.187769
62.199269
62.205973
62.233185
62.250555
62.275335
62.288918
62.300672
62.312588
62.324874
62.336029
62.358044
62.369501
62.379639
62.389855
62.400159
62.410083
62.419632
62.445974
62.456934
62.466132
62.476006
62.486061
62.495488
62.505484
62.515551
62.525621
62.535088
62.544976
62.555065
62.565212
62.574294
62.584955
62.593729
62.603935
62.613733
62.623725
62.633714
62.643688
62.653965
62.663663
62.673803
62.683688
62.693710
62.703756
62.735217
62.752417
62.765423
62.779421
62.792263
62.804241
62.816122
62.827274
62.837789
62.848090
62.860194
62.870536
62.880267
62.890141
62.900189
62.910253
62.923734
62.932794
62.942921
62.952348
62.962602
62.971995
62.981844
62.991880
63.002078
63.011304
63.021499
63.031147
63.041181
63.050976
63.060550
63.070673
63.080429
63.090258
63.100921
63.110475
63.120887
63.130525
63.140747
63.150558
63.160535
63.170504
63.180502
63.190479
63.200512
63.210456
63.230684
63.249723
63.262878
63.276187
63.289200
63.301483
63.313263
63.325037
63.336468
63.347389
63.358393
63.369447
63.384639
63.394818
63.404938
63.414753
63.424326
63.434368
63.444361
63.454085
63.463831
63.474347
63.483502
63.493458
63.503434
63.513331
63.523064
63.533315
63.542993
63.552758
63.562318
63.572230
63.581643
63.591596
63.601562
63.611563
63.621633
63.631572
63.641581
63.651605
63.664589
63.671835
63.688144
63.694873
63.704836
63.714835
63.731408
63.744768
63.755526
63.765070
63.775776
63.784843
63.794800
63.804718
63.814761
63.824317
63.834299
63.843819
63.853791
63.863428
63.873167
63.883191
63.893117
63.902480
63.912466
63.922471
63.932469
63.942484
63.952489
63.962485
63.972503
63.982462
63.992587
64.002579
64.012526
64.022538
64.032550
64.042539
64.052509
64.062952
64.072615
64.082570
64.092504
64.102502
64.112498
64.122483
64.132500
64.142486
64.152510
64.163118
64.172627
64.182615
64.192573
64.202541
64.212508
64.270458
64.283732
64.297389
64.309301
64.321612
64.333407
64.344959
64.355842
64.366666
64.377835
64.387979
64.398222
64.407654
64.417970
64.427847
64.437771
64.447156
64.457805
64.466694
64.476626
64.486652
64.496790
64.506238
64.516247
64.526230
64.536223
64.545526
64.555544
64.565010
64.575085
64.585039
64.595006
64.605000
64.614993
64.624940
64.634990
64.645022
64.654972
64.664987
64.674966
64.684971
64.694983
64.705007
64.714957
64.733099
64.746287
64.756458
64.765884
64.776013
64.785630
64.795410
64.805574
64.815528
64.824996
64.834931
64.845013
64.854996
64.864466
64.874493
64.884498
64.894492
64.903942
64.913806
64.923173
64.933150
64.943920
64.953301
64.963251
64.973242
64.983224
64.993215
65.003251
65.013233
65.025424
65.035218
65.045194
65.055236
65.065164
65.075149
65.085160
65.095173
65.105119
65.115225
65.125139
65.135118
65.145105
65.155125
65.165111
65.175111
65.185108
65.195115
65.205147
65.215165
65.234064
65.248178
65.258900
65.269193
65.279184
65.288704
65.298699
65.308698
65.318511
65.328253
65.338035
65.347729
65.357695
65.367640
65.378527
65.387214
65.397262
65.407247
65.420331
65.427875
65.438092
65.447857
65.457654
65.467034
65.477104
65.486995
65.497013
65.507519
65.517206
65.527101
65.537070
65.562702
65.573311
65.580113
65.590114
65.600152
65.610314
65.620087
65.630038
65.640052
65.650061
65.660065
65.670059
65.680083
65.689847
65.700013
65.710092
65.720239
65.788277
65.810067
65.830821
65.850043
65.868855
65.887271
65.901969
65.918548
65.933210
65.947477
65.960715
65.975423
65.987612
66.000092
66.012842
66.025200
66.036417
66.046753
66.056799
66.066937
66.077014
66.086456
66.096250
66.106233
66.116240
66.126826
66.136220
66.146474
66.156258
66.166126
66.176227
66.186208
66.196325
66.206707
66.216705
66.227019
66.293442
66.316350
66.337222
66.357062
66.376069
66.391934
66.409033
66.425741
66.438819
66.453332
66.467502
66.479633
66.492562
66.505953
66.517624
66.529426
66.540524
66.551457
66.562661
66.571965
66.579556
66.589475
66.599494
66.609398
66.619340
66.629348
66.639364
66.649466
66.661336
66.669415
66.679392
66.689321
66.699384
66.709434
66.719447
66.729397
66.779968
66.794122
66.807229
66.819590
66.831508
66.849793
66.876011
66.890218
66.900550
66.910698
66.920857
66.931138
66.940668
66.950682
66.960863
66.971031
66.980216
66.990044
66.999672
67.010113
67.019742
67.029638
67.039232
67.049406
67.058699
67.068641
67.077887
67.087929
67.098027
67.107879
67.119650
67.129556
67.139507
67.149485
67.159484
67.169534
67.179494
67.189499
67.199488
67.209528
67.219493
67.229483
67.281504
67.294452
67.307255
67.319420
67.331209
67.343151
67.354846
67.365688
67.376306
67.391055
67.401213
67.411275
67.420753
67.430721
67.440707
67.450641
67.460208
67.471281
67.479838
67.489915
67.499766
67.509771
67.519311
67.529283
67.538637
67.548634
67.558056
67.567911
67.577901
67.587855
67.597906
67.607907
67.617924
67.627952
67.637910
67.647930
67.657917
67.667900
67.677950
67.687929
67.697945
67.707931
67.717924
67.727940
67.781435
67.794126
67.807006
67.818950
67.830557
67.841708
67.852517
67.863396
67.874095
67.884259
67.894063
67.903715
67.914466
67.923632
67.933596
67.943564
67.953333
67.963058
67.972922
67.982731
67.992317
68.001867
68.011917
68.021840
68.031625
68.041165
68.051252
68.062324
68.072211
68.082223
68.092104
68.102119
68.112076
68.122051
68.132300
68.142125
68.152132
68.162120
68.172020
68.182146
68.192059
68.202042
68.212088
68.222146
68.232049
68.283520
68.296969
68.309849
68.321919
68.333991
68.345818
68.357228
68.368138
68.379130
68.390167
68.400575
68.410725
68.420322
68.430264
68.440278
68.450208
68.463778
68.472931
68.482431
68.492522
68.502302
68.512356
68.521870
68.531864
68.541149
68.551142
68.561165
68.571149
68.580512
68.590520
68.600475
68.610540
68.620500
68.630495
68.640478
68.650512
68.660495
68.670479
68.680507
68.690504
68.700524
68.710496
68.720539
68.730482
68.782991
68.809575
68.832786
68.844296
68.855981
68.866971
68.878275
68.888507
68.898480
68.908161
68.918133
68.928073
68.937665
68.947816
68.957248
68.967085
68.977084
68.987070
68.996804
69.006595
69.016600
69.026551
69.036174
69.045870
69.055875
69.065861
69.075473
69.085175
69.095186
69.105327
69.115206
69.125213
69.135205
69.145238
69.155178
69.165189
69.175220
69.185183
69.195177
69.205211
69.215219
69.225206
69.235172
69.285490
69.298213
69.311118
69.323320
69.335162
69.346124
69.357337
69.368227
69.378876
69.390289
69.400490
69.410773
69.420643
69.430168
69.440155
69.450197
69.472248
69.486383
69.494989
69.504806
69.515297
69.524917
69.534401
69.544431
69.554412
69.563945
69.573760
69.583828
69.593784
69.603451
69.613202
69.623129
69.633154
69.643162
69.653156
69.663085
69.673176
69.683062
69.693071
69.703130
69.713159
69.723090
69.733124
69.785727
69.798551
69.811504
69.823780
69.837000
69.848309
69.859259
69.870146
69.880760
69.890924
69.901070
69.911286
69.921128
69.930853
69.940869
69.950879
69.960492
69.970316
69.980023
69.989804
69.999585
70.009381
70.019380
70.029422
70.038965
70.048672
70.058335
70.067982
70.078008
70.088046
70.097986
70.107990
70.117997
70.128090
70.138021
70.148047
70.158125
70.168666
70.178068
70.188465
70.198071
70.208631
70.218086
70.228936
70.238074
70.316496
70.342445
70.367823
70.387037
70.403932
70.418660
70.435035
70.448509
70.462429
70.477131
70.489305
70.502685
70.516370
70.527926
70.539231
70.550066
70.561943
70.574149
70.585157
70.595143
70.605151
70.615186
70.624064
70.635053
70.644003
70.654402
70.667657
70.677147
70.686809
70.696901
70.707197
70.717240
70.727829
70.737516
70.747793
70.777322
70.800522
70.818143
70.832671
70.847242
70.859910
70.874554
70.887122
70.898463
70.909747
70.922442
70.935397
70.946398
70.956523
70.966563
70.976578
70.986594
70.995807
71.005795
71.015697
71.025754
71.035737
71.045791
71.055844
71.068679
71.078626
71.088499
71.098518
71.106351
71.116083
71.126108
71.136134
71.146116
71.156149
71.166028
71.176068
71.186012
71.196009
71.206018
71.216063
71.226008
71.236091
71.246106
71.271067
71.288826
71.301656
71.314487
71.328049
71.339860
71.351904
71.363862
71.375528
71.386701
71.401679
71.411962
71.422525
71.432585
71.442839
71.452630
71.462530
71.472625
71.482091
71.491937
71.501869
71.511683
71.521364
71.531160
71.540896
71.550902
71.561092
71.570689
71.580222
71.589955
71.599648
71.609578
71.619715
71.630097
71.639595
71.649535
71.662844
71.669654
71.679604
71.689548
71.699547
71.709878
71.719774
71.729648
71.739665
71.749902
71.770444
71.787617
71.800697
71.813511
71.826312
71.838465
71.850546
71.863026
71.874657
71.885679
71.896641
71.907976
71.918527
71.928764
71.938451
71.948786
71.958439
71.968790
71.978102
71.987805
71.997815
72.007823
72.017418
72.027343
72.037363
72.047336
72.057410
72.066873
72.076091
72.086137
72.095600
72.105840
72.115490
72.126047
72.135572
72.145521
72.155793
72.165560
72.175535
72.185580
72.195593
72.205753
72.215351
72.225559
72.235806
72.245605
72.255591
72.326200
72.340014
72.352895
72.365557
72.377707
72.389916
72.401637
72.413256
72.423885
72.434196
72.444542
72.455399
72.465215
72.476178
72.485544
72.495268
72.505038
72.514865
72.524919
72.535002
72.544716
72.554478
72.563662
72.574195
72.583681
72.594069
72.602910
72.612952
72.623197
72.633015
72.642957
72.653044
72.662979
72.673303
72.683007
72.693028
72.702936
72.712952
72.722993
72.732917
72.742893
72.754378
72.772101
72.784289
72.794512
72.803979
72.814276
72.824040
72.834235
72.843445
72.853919
72.863657
72.873392
72.882945
72.892954
72.902504
72.912350
72.921684
72.931615
72.941613
72.951620
72.961609
72.971830
72.981727
72.991740
73.001655
73.011665
73.021650
73.031647
73.041770
73.051691
73.061826
73.071808
73.081709
73.091860
73.101670
73.112580
73.121727
73.131733
73.141774
73.151634
73.161768
73.171656
73.181677
73.191703
73.201758
73.211635
73.221643
73.231630
73.241999
73.251857
73.261719
73.314808
73.328202
73.341297
73.353685
73.365942
73.378358
73.389756
73.402835
73.414754
73.425971
73.436427
73.446702
73.456934
73.482242
73.514613
73.528066
73.549621
73.562665
73.571329
73.580682
73.590633
73.600442
73.610099
73.619803
73.629346
73.639370
73.649334
73.659342
73.669343
73.680197
73.690149
73.700194
73.709877
73.719681
73.729405
73.739421
73.749390
73.759372
73.816539
73.829371
73.842200
73.854647
73.866544
73.878428
73.889998
73.901043
73.911659
73.921960
73.932232
73.942502
73.952222
73.962112
73.972108
73.982166
73.991683
74.001488
74.011422
74.021192
74.030883
74.040645
74.050639
74.060969
74.070087
74.079889
74.089378
74.099467
74.109219
74.119237
74.129264
74.139207
74.149308
74.159270
74.169423
74.179372
74.189324
74.199327
74.209267
74.219267
74.229303
74.239436
74.249249
74.259348
74.314818
74.327550
74.340264
74.352480
74.364227
74.376237
74.388644
74.399649
74.410676
74.421683
74.432180
74.442423
74.452713
74.463002
74.472533
74.482609
74.492562
74.502703
74.511958
74.522034
74.532015
74.542007
74.551538
74.561556
74.571469
74.581460
74.591000
74.601001
74.610343
74.620372
74.630336
74.640315
74.649678
74.659700
74.669732
74.679511
74.689704
74.699853
74.709719
74.719890
74.730029
74.739738
74.749710
74.759750
74.834280
74.867843
74.904536
74.934422
74.960769
74.980078
74.996920
75.010025
75.026157
75.036500
75.047532
75.058805
75.069519
75.079897
75.089652
75.099624
75.109655
75.119627
75.129207
75.139147
75.148661
75.158638
75.168174
75.178189
75.187546
75.197530
75.207606
75.217637
75.227050
75.236997
75.246971
75.256945
75.266942
75.302538
75.312772
75.322796
75.332743
75.343261
75.353013
75.363126
75.372787
75.382892
75.393128
75.407783
75.417059
75.428034
75.437451
75.447273
75.457359
75.467287
75.477389
75.487230
75.497216
75.507395
75.517365
75.527362
75.537351
75.547358
75.557757
75.567487
75.577557
75.587327
75.597281
75.607300
75.617484
75.625755
75.634828
75.644820
75.654782
75.664790
75.674806
75.684786
75.694782
75.704804
75.714811
75.724795
75.734956
75.744871
75.754798
75.764895
75.821552
75.834278
75.846979
75.859524
75.871501
75.883882
75.895361
75.906695
75.917122
75.928137
75.937623
75.947825
75.957766
75.967734
75.977438
75.987124
75.996690
76.006900
76.016172
76.026194
76.036219
76.046202
76.055638
76.065492
76.074845
76.084913
76.094923
76.104826
76.114865
76.124957
76.134950
76.144871
76.154889
76.187738
76.212583
76.220717
76.2303