0.032782
0.051810
0.070781
0.087508
0.114504
0.140649
0.153957
0.168503
0.182092
0.194536
0.207879
0.221227
0.233145
0.244271
0.255724
0.267030
0.277976
0.288126
0.296861
0.306367
0.316405
0.326352
0.336366
0.346357
0.356378
0.366400
0.376384
0.386404
0.396356
0.406505
0.416277
0.426368
0.436466
0.446356
0.456381
0.466368
0.476887
0.486720
0.496130
0.506479
0.515981
0.526144
0.536828
0.546126
0.556244
0.566134
0.576141
0.586610
0.596366
0.606113
0.616109
0.626466
0.636271
0.646482
0.656275
0.666346
0.676345
0.686400
0.696383
0.706335
0.716359
0.726269
0.736849
0.747220
0.757148
0.767270
0.777354
0.786481
0.796104
0.806719
0.816349
0.826366
0.836367
0.846372
0.856385
0.865521
0.874774
0.884792
0.894799
0.904737
0.914727
0.924753
0.934762
0.944774
0.954756
0.964759
0.974756
0.989172
0.995881
1.005868
1.015834
1.025821
1.035831
1.045834
1.055824
1.065833
1.075858
1.085842
1.095870
1.105848
1.115828
1.125814
1.135823
1.145801
1.155767
1.165775
1.175861
1.185813
1.195822
1.205791
1.215805
1.225813
1.235870
1.249013
1.255868
1.265801
1.275794
1.285840
1.295785
1.305807
1.315814
1.325824
1.335824
1.345796
1.355847
1.365849
1.375784
1.385859
1.395845
1.405788
1.415759
1.425802
1.435798
1.445782
1.455815
1.465772
1.475822
1.485785
1.496187
1.505869
1.515840
1.525873
1.535842
1.545851
1.555851
1.565879
1.576094
1.585867
1.595888
1.605888
1.615863
1.625833
1.635860
1.645913
1.655856
1.665899
1.675852
1.685863
1.695852
1.705900
1.716261
1.725859
1.735877
1.745887
1.755857
1.765860
1.775950
1.785812
1.795781
1.805862
1.815798
1.825802
1.835690
1.845839
1.855810
1.865780
1.875689
1.885816
1.895795
1.905776
1.915843
1.925853
1.935831
1.945858
1.955826
1.965840
1.975847
1.985831
1.995828
2.005823
2.015860
2.025842
2.035843
2.045850
2.055909
2.065859
2.075878
2.085867
2.095882
2.105856
2.115864
2.125861
2.135842
2.145860
2.155827
2.165857
2.175836
2.185861
2.195858
2.205830
2.215847
2.225860
2.235862
2.245829
2.255891
2.265859
2.275824
2.285838
2.295852
2.305847
2.315818
2.325825
2.335866
2.345819
2.355862
2.365832
2.375847
2.385853
2.395819
2.405834
2.415810
2.425831
2.435827
2.445835
2.455842
2.465852
2.475845
2.485872
2.495835
2.505833
2.515882
2.525895
2.535879
2.545886
2.555866
2.565888
2.576086
2.585814
2.595846
2.605799
2.615860
2.625821
2.635849
2.645824
2.655811
2.665898
2.675836
2.685887
2.695859
2.705816
2.715825
2.725869
2.735843
2.745844
2.755859
2.765831
2.775842
2.785827
2.795868
2.805845
2.815833
2.825966
2.835888
2.845844
2.855871
2.865866
2.878978
2.888789
2.898769
2.908796
2.918773
2.928811
2.938759
2.948774
2.958772
2.968791
2.978796
2.988761
2.998791
3.008772
3.018773
3.028773
3.038783
3.048787
3.058856
3.068738
3.078742
3.088739
3.098743
3.108743
3.118633
3.128736
3.138720
3.148737
3.158554
3.168717
3.178763
3.188711
3.198715
3.208753
3.218788
3.228733
3.238706
3.248739
3.258753
3.268748
3.278742
3.288746
3.298727
3.308744
3.318738
3.328781
3.338750
3.348751
3.358711
3.368745
3.378741
3.388772
3.398712
3.408724
3.419140
3.428814
3.438779
3.448773
3.458788
3.468766
3.478797
3.488829
3.498795
3.508768
3.518764
3.528789
3.538796
3.548765
3.558754
3.568805
3.578787
3.588817
3.598792
3.692347
3.706658
3.719227
3.731938
3.743938
3.755276
3.766126
3.776652
3.786778
3.796897
3.806990
3.816806
3.826410
3.836447
3.846442
3.856020
3.865885
3.875566
3.885424
3.895077
3.904954
3.914966
3.924966
3.934561
3.944417
3.953923
3.963611
3.973632
3.983623
3.993649
4.003619
4.013593
4.023677
4.033624
4.043639
4.056159
4.063700
4.073764
4.083947
4.093870
4.103724
4.113650
4.123634
4.133634
4.143671
4.153633
4.163648
4.173630
4.183631
4.193621
4.203671
4.213649
4.223643
4.233842
4.243730
4.253697
4.263687
4.273664
4.283694
4.293682
4.303799
4.313693
4.323672
4.333686
4.343869
4.353904
4.363834
4.373894
4.383883
4.393882
4.403697
4.413523
4.423525
4.433535
4.443528
4.453573
4.463526
4.473550
4.483835
4.493854
4.503850
4.513950
4.531462
4.543794
4.561100
4.573420
4.590721
4.603069
4.620509
4.632693
4.644860
4.662049
4.674193
4.691336
4.703470
4.720903
4.733892
4.753347
4.771990
4.784122
4.801383
4.813669
4.830874
4.843176
4.860290
4.873354
4.891411
4.903851
4.920968
4.933231
4.950618
4.962889
4.980138
4.992502
5.004741
5.022219
5.034591
5.051883
5.064135
5.081336
5.093485
5.110735
5.122989
5.140127
5.152353
5.164674
5.181904
5.194169
5.211491
5.224054
5.242887
5.262327
5.274606
5.291712
5.303981
5.321020
5.333079
5.350316
5.362553
5.369687
5.379238
5.389265
5.399261
5.409237
5.419260
5.429238
5.439249
5.449247
5.459260
5.469273
5.479251
5.489262
5.499266
5.509265
5.519267
5.529267
5.539248
5.549216
5.559249
5.569236
5.579403
5.589244
5.599245
5.609253
5.619230
5.629259
5.639367
5.649253
5.659238
5.669282
5.679086
5.689063
5.699089
5.709134
5.719401
5.729433
5.739666
5.749436
5.759421
5.769465
5.779414
5.789424
5.799432
5.809485
5.819439
5.829459
5.839559
5.849357
5.859287
5.869314
5.879293
5.889292
5.899291
5.909283
5.919287
5.929288
5.939288
5.949276
5.959297
5.969295
5.979259
5.989279
5.999261
6.009298
6.019841
6.029496
6.039506
6.049631
6.059512
6.069499
6.079581
6.089534
6.099481
6.109486
6.119497
6.130711
6.139541
6.149703
6.159524
6.169508
6.179543
6.189516
6.199528
6.209513
6.219494
6.229506
6.239498
6.249629
6.259481
6.269490
6.279516
6.289473
6.299489
6.310379
6.319521
6.329599
6.339484
6.349490
6.359645
6.369492
6.379510
6.389471
6.399475
6.409473
6.419472
6.429454
6.439470
6.449455
6.459485
6.469462
6.479502
6.489616
6.499461
6.510262
6.519503
6.529467
6.539484
6.550114
6.559647
6.569467
6.579779
6.589726
6.599543
6.609495
6.619492
6.629484
6.639465
6.649510
6.659651
6.669500
6.679534
6.689477
6.699498
6.709816
6.719565
6.729566
6.739550
6.750153
6.759590
6.769574
6.779625
6.789668
6.799599
6.809593
6.819606
6.829562
6.839606
6.849616
6.859587
6.869707
6.885038
6.891747
6.901746
6.911758
6.921759
6.931759
6.941756
6.951733
6.961753
6.971987
6.981773
6.991767
7.002008
7.011955
7.021912
7.031931
7.041575
7.051541
7.061564
7.071812
7.081591
7.091609
7.101553
7.111707
7.121941
7.131916
7.141888
7.151917
7.161924
7.172035
7.182127
7.191824
7.201791
7.211778
7.221939
7.231802
7.241764
7.251786
7.261785
7.271774
7.281787
7.291750
7.301786
7.311770
7.321786
7.331756
7.341779
7.351805
7.361780
7.371780
7.381883
7.391782
7.401805
7.411769
7.421769
7.431755
7.441785
7.451785
7.461763
7.471764
7.481878
7.491783
7.501754
7.511798
7.521828
7.531794
7.541798
7.551772
7.562094
7.572372
7.582057
7.591858
7.601918
7.611894
7.621886
7.631858
7.641855
7.651894
7.661882
7.671891
7.681865
7.691868
7.701915
7.711871
7.721853
7.731855
7.741845
7.751884
7.761880
7.771891
7.781878
7.791969
7.801923
7.811875
7.821886
7.831865
7.841893
7.851891
7.861871
7.871878
7.881876
7.892007
7.901930
7.911891
7.921865
7.931865
7.941872
7.951850
7.961870
7.971878
7.981844
7.991869
8.001927
8.011881
8.021864
8.031852
8.041859
8.051854
8.062740
8.072602
8.082514
8.093187
8.102546
8.112506
8.123011
8.132558
8.142521
8.153023
8.162507
8.172507
8.182986
8.192532
8.202613
8.213051
8.222543
8.232530
8.242989
8.252543
8.262538
8.272994
8.282550
8.292514
8.302644
8.312542
8.322564
8.332757
8.342765
8.352734
8.362702
8.372386
8.382337
8.392369
8.402896
8.412876
8.422870
8.433351
8.442881
8.452843
8.463379
8.472901
8.482573
8.493048
8.502686
8.512527
8.523532
8.532650
8.542642
8.553212
8.562791
8.572772
8.583463
8.592785
8.602769
8.613268
8.622773
8.632748
8.643254
8.652787
8.662777
8.673242
8.682792
8.692781
8.702775
8.712912
8.722835
8.733108
8.742779
8.752763
8.762762
8.772790
8.782767
8.792763
8.802844
8.812762
8.822773
8.832762
8.842772
8.852752
8.862757
8.872764
8.884662
8.892784
8.902772
8.912894
8.922801
8.932769
8.942802
8.952765
8.962807
8.972788
8.982783
8.992778
9.002775
9.012762
9.022739
9.041982
9.061736
9.073984
9.091054
9.103266
9.120330
9.132514
9.144657
9.161716
9.173898
9.190898
9.203031
9.220271
9.233079
9.252534
9.271367
9.283490
9.300510
9.312665
9.324908
9.341905
9.354136
9.371274
9.383455
9.400481
9.412685
9.424935
9.441937
9.454045
9.471056
9.483130
9.500132
9.512370
9.524475
9.541598
9.553702
9.570764
9.583314
9.600407
9.612614
9.624885
9.641925
9.654028
9.670743
9.681556
9.692464
9.702922
9.714349
9.731295
9.742716
9.753917
9.764773
9.776509
9.790157
9.800804
9.811812
9.823001
9.833956
9.845393
9.858195
9.870548
9.877739
9.887231
9.897249
9.907231
9.917228
9.927182
9.937332
9.947280
9.957237
9.967244
9.977230
9.987221
9.997210
10.007221
10.017233
10.027237
10.037243
10.047264
10.057225
10.067230
10.077238
10.087235
10.097231
10.107238
10.117205
10.127225
10.137225
10.147348
10.157215
10.168067
10.177211
10.187183
10.197196
10.207213
10.217210
10.227208
10.237187
10.247367
10.257198
10.267191
10.277191
10.287177
10.297217
10.307199
10.317203
10.327207
10.337200
10.347319
10.357189
10.367215
10.377170
10.387191
10.397175
10.407184
10.417186
10.427184
10.437196
10.447201
10.457177
10.467214
10.477169
10.487323
10.497174
10.507175
10.517176
10.527164
10.537180
10.547164
10.557181
10.567202
10.577191
10.587168
10.597164
10.607168
10.617156
10.627201
10.637180
10.647159
10.657353
10.667179
10.677212
10.687193
10.697188
10.707181
10.717190
10.727197
10.737181
10.747212
10.757337
10.767185
10.777204
10.787205
10.797198
10.807174
10.817228
10.827221
10.837180
10.849713
10.857220
10.867292
10.877170
10.892699
10.899362
10.909333
10.919339
10.929336
10.939333
10.949348
10.959372
10.969366
10.979419
10.989349
10.999329
11.009366
11.019446
11.029358
11.039210
11.049193
11.059183
11.069187
11.079318
11.089196
11.100996
11.109502
11.119471
11.129526
11.139497
11.149530
11.159518
11.169702
11.180526
11.189187
11.199253
11.209320
11.219471
11.229326
11.239296
11.249349
11.259333
11.269491
11.279358
11.289331
11.299344
11.309338
11.319351
11.329330
11.339322
11.349323
11.359341
11.369455
11.379321
11.389328
11.399320
11.409314
11.419310
11.429308
11.439314
11.449326
11.459317
11.469328
11.479321
11.489320
11.499303
11.509320
11.519343
11.529323
11.539333
11.549325
11.559347
11.569355
11.579791
11.589355
11.599332
11.609348
11.619308
11.629318
11.639321
11.649322
11.659328
11.669308
11.679434
11.689290
11.699359
11.709333
11.719288
11.729319
11.739293
11.749322
11.759315
11.769303
11.779448
11.789335
11.799352
11.809345
11.819347
11.829361
11.839325
11.849342
11.859320
11.869333
11.879358
11.889441
11.899357
11.909344
11.919329
11.929325
11.939336
11.949328
11.959338
11.969341
11.979359
11.989431
11.999324
12.009348
12.019344
12.029330
12.039344
12.049323
12.059331
12.069312
12.079407
12.089357
12.099352
12.109373
12.119364
12.129348
12.139335
12.149321
12.159337
12.169319
12.179369
12.189321
12.199340
12.209323
12.219328
12.229341
12.239317
12.249463
12.259339
12.269322
12.279381
12.289306
12.299319
12.309318
12.319353
12.329361
12.339330
12.349342
12.359317
12.369315
12.379512
12.389495
12.399673
12.409492
12.419554
12.429526
12.439556
12.449548
12.459549
12.469556
12.479562
12.489604
12.499658
12.509224
12.519212
12.529209
12.539210
12.549357
12.559395
12.569363
12.579381
12.590227
12.599455
12.609613
12.619376
12.629419
12.639401
12.649378
12.659382
12.669364
12.679383
12.689396
12.699399
12.709401
12.719357
12.729404
12.739401
12.749406
12.759373
12.769371
12.779391
12.789376
12.799401
12.809485
12.819403
12.829388
12.839376
12.849379
12.859358
12.869380
12.879354
12.891279
12.899412
12.909495
12.919391
12.929392
12.939393
12.949380
12.959372
12.969389
12.979370
12.989392
12.999403
13.009517
13.019444
13.029395
13.039423
13.049404
13.059386
13.069374
13.079418
13.089395
13.099413
13.109398
13.119392
13.129395
13.139380
13.149373
13.159384
13.169367
13.179412
13.189383
13.199436
13.209401
13.219412
13.229412
13.239374
13.249396
13.259396
13.269384
13.279386
13.289388
13.299413
13.309362
13.319488
13.329381
13.339371
13.349383
13.359358
13.369384
13.379360
13.389383
13.399499
13.409393
13.419538
13.429389
13.439401
13.449413
13.459411
13.469399
13.479407
13.489414
13.499390
13.509398
13.519390
13.529400
13.545325
13.561970
13.574524
13.591583
13.603828
13.621037
13.633276
13.650399
13.662517
13.674832
13.694711
13.706428
13.719333
13.731611
13.743218
13.754606
13.766671
13.780637
13.790609
13.801608
13.812864
13.824065
13.834360
13.846017
13.860156
13.871213
13.882444
13.893345
13.910845
13.923129
13.940202
13.952490
13.964744
13.981778
13.993891
14.010927
14.023170
14.040253
14.057530
14.072073
14.084296
14.101553
14.113817
14.130971
14.143328
14.162029
14.174150
14.191179
14.203457
14.220524
14.233253
14.251838
14.271421
14.283554
14.300650
14.312966
14.330132
14.342310
14.354512
14.371693
14.383444
14.390111
14.400100
14.410084
14.420143
14.430098
14.440133
14.450114
14.460115
14.470122
14.481572
14.490287
14.500090
14.510133
14.520137
14.530100
14.540099
14.550092
14.560099
14.570118
14.580772
14.590102
14.600086
14.610098
14.620099
14.630079
14.640082
14.650220
14.660083
14.670063
14.680110
14.690107
14.700096
14.710098
14.720092
14.730114
14.740084
14.750214
14.760093
14.770078
14.780088
14.790073
14.800128
14.810105
14.820111
14.830098
14.840080
14.850093
14.860102
14.870107
14.880121
14.890122
14.904548
14.911194
14.921226
14.931204
14.941174
14.951178
14.961160
14.971197
14.981198
14.991232
15.001226
15.011195
15.021298
15.031225
15.041183
15.051200
15.061518
15.071594
15.081370
15.091373
15.101342
15.111347
15.121319
15.131297
15.141044
15.151036
15.161178
15.170999
15.181043
15.191021
15.201022
15.211195
15.221351
15.231495
15.241624
15.251257
15.261359
15.271217
15.281211
15.291196
15.301209
15.311196
15.321211
15.331210
15.341223
15.351195
15.361192
15.371227
15.381205
15.391218
15.401216
15.411206
15.421225
15.431209
15.441241
15.451192
15.461182
15.473443
15.481224
15.491231
15.501264
15.511249
15.521227
15.531226
15.541259
15.551233
15.561213
15.571376
15.581214
15.591221
15.601202
15.611227
15.621204
15.631210
15.641249
15.651209
15.661214
15.671304
15.681214
15.691192
15.701201
15.711209
15.721202
15.731213
15.741234
15.751209
15.761196
15.771231
15.781263
15.791223
15.801242
15.811221
15.821246
15.831220
15.841203
15.851203
15.861192
15.871217
15.881324
15.891228
15.901210
15.911198
15.921212
15.931198
15.941215
15.951198
15.961206
15.971220
15.981208
15.991207
16.001190
16.011199
16.021196
16.031194
16.041194
16.051190
16.061196
16.071278
16.081218
16.091196
16.101180
16.111206
16.121178
16.131194
16.141172
16.151222
16.161200
16.171199
16.181207
16.191198
16.201192
16.211191
16.222295
16.231225
16.241501
16.251309
16.261520
16.271240
16.281241
16.291247
16.301244
16.311234
16.321247
16.331230
16.341225
16.351277
16.361210
16.371224
16.381208
16.391592
16.401414
16.411384
16.421406
16.431376
16.441374
16.451370
16.461369
16.471157
16.481048
16.491223
16.501033
16.511060
16.521048
16.531034
16.541034
16.551216
16.561371
16.571618
16.581247
16.591240
16.601194
16.611208
16.621201
16.631225
16.641222
16.651219
16.661265
16.671217
16.681213
16.691199
16.701248
16.711230
16.721204
16.731211
16.741190
16.751239
16.761271
16.771220
16.781237
16.791212
16.801321
16.811233
16.821252
16.831228
16.841227
16.851264
16.861271
16.871227
16.881200
16.891207
16.903214
16.911234
16.921227
16.931211
16.941218
16.951226
16.961206
16.971215
16.981204
16.991234
17.002741
17.011420
17.021224
17.031181
17.041177
17.051172
17.061181
17.071252
17.081185
17.091193
17.101164
17.111169
17.121162
17.131187
17.141175
17.151155
17.161165
17.171159
17.181173
17.191181
17.201227
17.211307
17.221168
17.231143
17.241133
17.251141
17.261141
17.271183
17.281152
17.291127
17.301142
17.311246
17.321149
17.331147
17.341140
17.351150
17.361136
17.371188
17.381136
17.391157
17.401144
17.411235
17.421153
17.431145
17.441161
17.451146
17.461136
17.471171
17.481152
17.491152
17.501140
17.511150
17.521161
17.531145
17.541134
17.551152
17.561152
17.571205
17.595252
17.603739
17.611889
17.622062
17.631865
17.641904
17.651885
17.661887
17.677215
17.690298
17.699119
17.709104
17.719491
17.729305
17.739313
17.757838
17.768887
17.776877
17.785697
17.795801
17.805600
17.815333
17.825453
17.848231
17.855974
17.865043
17.874834
17.884861
17.894686
17.904717
17.922682
17.934456
17.942047
17.951095
17.961100
17.971229
17.981202
17.991227
18.008797
18.020522
18.028107
18.037201
18.047186
18.063118
18.080541
18.102936
18.122836
18.140275
18.152411
18.164689
18.181903
18.216733
18.227215
18.238944
18.249793
18.260353
18.270710
18.282162
18.294777
18.307323
18.321699
18.334676
18.350081
18.364236
18.380113
18.392217
18.404125
18.416918
18.430262
18.443312
18.455142
18.466455
18.476423
18.486899
18.496946
18.506726
18.522634
18.533221
18.546758
18.560658
18.570898
18.580844
18.591027
18.603796
18.613923
18.622265
18.633050
18.644029
18.653956
18.663964
18.673992
18.683978
18.693974
18.704013
18.713943
18.724003
18.734433
18.745506
18.756600
18.767418
18.778444
18.788193
18.797524
18.809169
18.818925
18.828913
18.839041
18.849327
18.859298
18.869649
18.879571
18.889794
18.898569
18.908378
18.916493
18.926477
18.936390
18.946399
18.956428
18.966425
18.979593
18.986561
18.996515
19.006463
19.016458
19.026494
19.036467
19.046455
19.059109
19.066373
19.076481
19.086503
19.096728
19.106709
19.116737
19.126782
19.136735
19.146728
19.156906
19.166753
19.176754
19.186761
19.196762
19.206732
19.216765
19.226433
19.236403
19.246565
19.256600
19.266592
19.276561
19.286673
19.296601
19.306616
19.316588
19.326595
19.336631
19.346562
19.356582
19.366570
19.376598
19.386598
19.396680
19.406623
19.416631
19.426630
19.436637
19.446600
19.456593
19.466580
19.476571
19.486570
19.496568
19.506564
19.516582
19.526608
19.536618
19.546582
19.556564
19.566801
19.576769
19.586601
19.596591
19.606566
19.616580
19.626558
19.636633
19.646582
19.656590
19.666728
19.676560
19.686583
19.696549
19.706590
19.716580
19.726560
19.736609
19.746557
19.756563
19.766548
19.776568
19.786559
19.796561
19.806573
19.816561
19.826559
19.836592
19.846543
19.856557
19.866558
19.876558
19.886562
19.896582
19.906583
19.916580
19.926595
19.936564
19.946582
19.956564
19.966588
19.976711
19.986573
19.996591
20.006606
20.016595
20.026595
20.036569
20.046582
20.056552
20.066607
20.077572
20.086654
20.096614
20.106612
20.116606
20.126607
20.136611
20.146570
20.156618
20.166600
20.176708
20.186615
20.196603
20.206616
20.216612
20.226616
20.236611
20.246595
20.256588
20.266583
20.276591
20.286588
20.296610
20.306623
20.316603
20.326616
20.336605
20.346623
20.356605
20.366599
20.376607
20.386596
20.396451
20.406434
20.416416
20.426426
20.436527
20.446812
20.456707
20.466805
20.476782
20.486779
20.496757
20.506807
20.516779
20.526795
20.536734
20.546781
20.556825
20.566777
20.577362
20.586731
20.596548
20.606518
20.616553
20.626566
20.636559
20.646542
20.656593
20.666537
20.676537
20.686553
20.696544
20.706579
20.716541
20.726534
20.736547
20.746580
20.757637
20.766569
20.776611
20.786606
20.796687
20.806591
20.816551
20.826610
20.836603
20.846587
20.856563
20.866551
20.876563
20.886547
20.896567
20.908452
20.916580
20.926573
20.936573
20.946589
20.956574
20.966612
20.976600
20.986583
20.996724
21.006596
21.016582
21.026614
21.036600
21.046600
21.056596
21.066630
21.076690
21.086634
21.096630
21.106573
21.116579
21.126570
21.136587
21.146565
21.156558
21.166625
21.176565
21.186599
21.196574
21.206598
21.216703
21.226526
21.236535
21.246751
21.256632
21.266620
21.276584
21.286588
21.296560
21.306749
21.316568
21.326583
21.336572
21.346573
21.356592
21.366630
21.376596
21.386545
21.396551
21.406673
21.416552
21.426566
21.436583
21.446584
21.456566
21.466606
21.476543
21.486540
21.496605
21.506558
21.516703
21.526590
21.536589
21.546592
21.556547
21.566592
21.577226
21.586532
21.596508
21.606544
21.616545
21.626541
21.636535
21.646514
21.656538
21.666521
21.676506
21.686511
21.696513
21.706535
21.716849
21.726390
21.736403
21.746396
21.756386
21.766369
21.776368
21.786478
21.796672
21.806674
21.816842
21.826714
21.836712
21.846727
21.856731
21.866706
21.876774
21.886711
21.896905
21.906581
21.916702
21.926597
21.936546
21.946548
21.956754
21.966595
21.976616
21.986588
21.996574
22.006565
22.016607
22.026688
22.036538
22.046558
22.056553
22.066563
22.076726
22.086590
22.100926
22.110625
22.122533
22.129269
22.142390
22.161392
22.177513
22.194450
22.201207
22.212421
22.237686
22.248294
22.262020
22.275996
22.291056
22.303542
22.321088
22.334190
22.344832
22.357647
22.375935
22.386619
22.395277
22.418400
22.431060
22.448297
22.460672
22.472767
22.485454
22.496762
22.509511
22.520419
22.533789
22.545431
22.556399
22.566161
22.581529
22.611165
22.633208
22.650059
22.659331
22.669735
22.679496
22.689368
22.699147
22.709239
22.719713
22.729354
22.740641
22.751133
22.761391
22.771420
22.780910
22.791714
22.802077
22.812833
22.822292
22.832380
22.843630
22.855267
22.867100
22.880976
22.893916
22.910204
22.927386
22.944174
22.961268
22.971991
22.981200
22.991057
23.000870
23.010897
23.020909
23.031180
23.040877
23.051269
23.061081
23.070842
23.080811
23.090845
23.100716
23.110804
23.120918
23.130865
23.140774
23.150742
23.160737
23.170747
23.180741
23.190807
23.200870
23.210931
23.221295
23.231493
23.242069
23.251751
23.261611
23.271113
23.281149
23.291126
23.301138
23.311121
23.321229
23.331233
23.341445
23.351315
23.361128
23.371203
23.381128
23.391334
23.401187
23.411124
23.421194
23.431143
23.438916
23.448892
23.459129
23.468836
23.478852
23.488924
23.498902
23.508861
23.518851
23.529028
23.538836
23.548813
23.559014
23.568896
23.578921
23.588853
23.599066
23.608849
23.618835
23.628839
23.638797
24.083893
24.096743
24.109347
24.121487
24.133105
24.144796
24.156194
24.167030
24.177844
24.188649
24.198997
24.209057
24.218682
24.228497
24.238532
24.248491
24.258187
24.267909
24.277985
24.287928
24.297539
24.307411
24.317107
24.326975
24.337032
24.346985
24.356521
24.366328
24.376345
24.386298
24.395852
24.405722
24.415783
24.425678
24.435697
24.445640
24.455710
24.465652
24.475848
24.485682
24.495706
24.505710
24.517192
24.525697
24.536163
24.545734
24.555703
24.565753
24.575743
24.585999
24.595959
24.605750
24.615789
24.626043
24.635728
24.645742
24.655718
24.665684
24.675678
24.685748
24.696108
24.705680
24.715716
24.725679
24.735706
24.745738
24.755695
24.765690
24.775683
24.785755
24.795692
24.805725
24.815715
24.825893
24.835729
24.845678
24.855725
24.865689
24.875706
24.885691
24.895659
24.905688
24.916410
24.925707
24.935700
24.945676
24.955704
24.965685
24.975703
24.985668
24.995696
25.005677
25.015677
25.025703
25.035738
25.045701
25.055696
25.065691
25.075751
25.085714
25.095735
25.105683
25.115712
25.125722
25.135689
25.145693
25.155697
25.165707
25.175703
25.185697
25.195701
25.205674
25.215680
25.225699
25.235693
25.245706
25.255692
25.265675
25.275696
25.285724
25.295689
25.305713
25.315681
25.325650
25.335693
25.345710
25.355704
25.365694
25.375711
25.385687
25.395693
25.405700
25.415717
25.425725
25.435717
25.445685
25.455678
25.465647
25.475689
25.485647
25.495672
25.505706
25.515688
25.525703
25.535676
25.545668
25.555672
25.565661
25.575795
25.585695
25.595706
25.605760
25.615693
25.625738
25.635608
25.645664
25.655644
25.665629
25.675681
25.685653
25.695683
25.705574
25.715677
25.725664
25.735656
25.745492
25.755755
25.765687
25.775676
25.785702
25.795675
25.806231
25.815780
25.825750
25.835851
25.845694
25.855861
25.865710
25.875888
25.885684
25.896031
25.905667
25.915687
25.925672
25.935650
25.945738
25.955696
25.965646
25.975653
25.985633
25.996471
26.005674
26.015734
26.025667
26.035721
26.045672
26.055640
26.065647
26.075675
26.085665
26.095652
26.105628
26.115689
26.125684
26.135666
26.145669
26.155682
26.165653
26.175642
26.185654
26.195694
26.205641
26.215679
26.225649
26.235653
26.246011
26.256098
26.265822
26.275773
26.285776
26.295762
26.305723
26.315916
26.325776
26.335766
26.345736
26.355804
26.365734
26.375714
26.385718
26.395725
26.405710
26.415733
26.425730
26.435705
26.445734
26.455703
26.467081
26.476167
26.486008
26.496015
26.505983
26.516069
26.526035
26.535960
26.545995
26.556156
26.566051
26.576407
26.586122
26.597047
26.606995
26.616982
26.626947
26.636948
26.646945
26.656919
26.666944
26.676921
26.686955
26.699308
26.706973
26.717210
26.727167
26.736932
26.746924
26.768421
26.782090
26.797759
26.810496
26.821558
26.840479
26.847473
26.857262
26.869731
26.879435
26.887345
26.897227
26.907231
26.917833
26.928340
26.938946
26.948255
26.958283
26.968134
26.978482
26.988274
26.998484
27.008099
27.018221
27.028400
27.038273
27.048326
27.058411
27.068305
27.078259
27.088266
27.100601
27.110605
27.120605
27.130611
27.140549
27.150682
27.160597
27.170593
27.180626
27.190555
27.200554
27.210566
27.220974
27.230863
27.240863
27.250890
27.260866
27.270597
27.280602
27.290811
27.300658
27.310661
27.320700
27.330677
27.340645
27.350727
27.360683
27.370655
27.380652
27.390679
27.400735
27.413866
27.426675
27.434923
27.444859
27.454870
27.464909
27.475973
27.484895
27.501229
27.510204
27.521457
27.530436
27.540781
27.550451
27.560432
27.570684
27.580630
27.590892
27.600668
27.610954
27.620767
27.630683
27.640865
27.650638
27.660654
27.670641
27.680690
27.690663
27.701054
27.711091
27.721085
27.730921
27.741094
27.750669
27.760822
27.770777
27.780719
27.790677
27.800715
27.810731
27.820703
27.830700
27.840703
27.851334
27.860774
27.870675
27.880739
27.890737
27.900751
27.910695
27.920786
27.930691
27.940136
27.949865
27.958384
27.968323
27.978294
27.988307
27.998484
28.008357
28.018353
28.028315
28.038333
28.048334
28.058328
28.068302
28.078281
28.088282
28.098285
28.108441
28.118328
28.128337
28.138314
28.148334
28.158457
28.168383
28.178324
28.188332
28.198328
28.208339
28.218310
28.228134
28.238299
28.248277
28.258264
28.268219
28.278314
28.288272
28.298278
28.308296
28.322063
28.328860
28.338727
28.348686
28.358721
28.368739
28.378719
28.388673
28.398682
28.408695
28.418695
28.428770
28.438791
28.448798
28.458776
28.468838
28.478763
28.488771
28.498750
28.508750
28.518799
28.528726
28.538740
28.548746
28.558759
28.568781
28.578790
28.588755
28.598743
28.608750
28.618757
28.628728
28.638755
28.648754
28.658783
28.668741
28.678772
28.688782
28.698724
28.708724
28.721390
28.728696
28.738903
28.748738
28.758759
28.770611
28.778820
28.788727
28.798736
28.809178
28.818726
28.832686
28.839290
28.849325
28.862158
28.872192
28.882165
28.892150
28.902496
28.912126
28.923090
28.932109
28.942133
28.952126
28.962130
28.972374
28.982197
28.992230
29.002163
29.012197
29.022414
29.032202
29.042203
29.052314
29.064141
29.072213
29.082180
29.092200
29.102204
29.112230
29.122155
29.132158
29.142183
29.152144
29.162148
29.172131
29.182158
29.192229
29.202142
29.212177
29.222141
29.232140
29.242105
29.252135
29.262609
29.272182
29.282165
29.292156
29.302153
29.312126
29.324649
29.332339
29.342209
29.352198
29.362164
29.372141
29.382163
29.392389
29.402157
29.412132
29.422149
29.432167
29.442167
29.452262
29.462348
29.473025
29.482949
29.493106
29.502916
29.512943
29.522933
29.533051
29.542773
29.552912
29.562910
29.572982
29.582934
29.592935
29.602924
29.613085
29.623023
29.632951
29.642956
29.656325
29.662980
29.673545
29.682948
29.692897
29.703215
29.712943
29.723049
29.732960
29.742954
29.753137
29.762984
29.772980
29.783008
29.793006
29.803198
29.813092
29.823087
29.833051
29.843020
29.853194
29.863101
29.873026
29.883223
29.893002
29.903010
29.912949
29.922964
29.932977
29.943010
29.952972
29.962949
29.972955
29.982940
29.992979
30.002984
30.012987
30.023089
30.032949
30.042945
30.052928
30.062996
30.073023
30.083077
30.092992
30.102963
30.113013
30.122956
30.133003
30.143004
30.152982
30.163146
30.173021
30.182996
30.192979
30.203026
30.213070
30.222962
30.233182
30.246715
30.253412
30.264611
30.274596
30.284555
30.294531
30.304539
30.314541
30.324494
30.334496
30.344477
30.354863
30.364534
30.374585
30.384533
30.394568
30.404560
30.414615
30.424556
30.434535
30.444683
30.454543
30.464548
30.474546
30.484664
30.494716
30.504569
30.514646
30.524695
30.534529
30.544549
30.554560
30.564561
30.574561
30.584552
30.594552
30.604547
30.614611
30.624590
30.634547
30.644541
30.654540
30.664533
30.674533
30.684547
30.694545
30.704536
30.714561
30.724572
30.734571
30.744767
30.754562
30.764548
30.774598
30.784599
30.794669
30.804542
30.814514
30.824490
30.834409
30.844506
30.854537
30.864802
30.874497
30.884764
30.894724
30.904611
30.914841
30.928656
30.935324
30.945600
30.955450
30.965326
30.975571
30.990608
30.997276
31.007599
31.017296
31.027269
31.037522
31.047290
31.057377
31.067523
31.077326
31.087285
31.097532
31.107646
31.117283
31.127230
31.137296
31.147295
31.157287
31.167346
31.177305
31.187362
31.197560
31.207513
31.217550
31.227522
31.237561
31.247498
31.257692
31.267415
31.277424
31.287419
31.297722
31.307676
31.317443
31.327462
31.337513
31.347470
31.357458
31.367434
31.377447
31.387433
31.397449
31.407439
31.417889
31.427419
31.437690
31.447515
31.457476
31.467754
31.477485
31.487465
31.497711
31.507473
31.517481
31.527470
31.537493
31.547519
31.557465
31.567474
31.577680
31.587457
31.597449
31.609683
31.620325
31.629674
31.640059
31.649843
31.659689
31.669684
31.679709
31.690163
31.699686
31.709688
31.720059
31.729582
31.740068
31.750404
31.759535
31.769917
31.780059
31.789411
31.799713
31.809696
31.819695
31.830055
31.839584
31.849685
31.859692
31.869964
31.879844
31.889777
31.899788
31.909966
31.919717
31.929699
31.940109
31.949806
31.959663
31.969784
31.979964
31.989542
32.000059
32.010185
32.020062
32.029794
32.040086
32.049656
32.059334
32.069788
32.079682
32.089570
32.099152
32.109305
32.119583
32.129448
32.139570
32.149425
32.159701
32.169405
32.179816
32.189582
32.199693
32.210070
32.219958
32.230042
32.239827
32.249681
32.260188
32.269959
32.280326
32.289798
32.299584
32.309790
32.319958
32.329829
32.340032
32.349836
32.359806
32.369835
32.380125
32.389906
32.399800
32.409717
32.420187
32.430027
32.439952
32.449074
32.457561
32.467652
32.477599
32.487626
32.497545
32.507834
32.517616
32.527595
32.537612
32.547589
32.557796
32.567666
32.577816
32.587966
32.597591
32.607811
32.617590
32.627544
32.637744
32.647542
32.657562
32.667563
32.677529
32.687533
32.697611
32.707655
32.717500
32.727528
32.737540
32.747534
32.757583
32.767525
32.777521
32.787503
32.797484
32.807522
32.817468
32.827493
32.837500
32.847511
32.857833
32.867786
32.877808
32.887806
32.897797
32.907799
32.917822
32.927911
32.937764
32.947787
32.957752
32.967734
32.977926
32.987755
32.997776
33.007840
33.017798
33.027888
33.037770
33.047928
33.057786
33.067726
33.077751
33.087810
33.097931
33.107757
33.117865
33.127747
33.137778
33.147757
33.157753
33.167762
33.177718
33.187748
33.197761
33.207720
33.217713
33.227712
33.237815
33.247815
33.257813
33.267793
33.277795
33.287837
33.297781
33.307774
33.317785
33.327827
33.337883
33.347761
33.357777
33.367803
33.377989
33.388191
33.397821
33.407912
33.417915
33.427988
33.437731
33.448010
33.457892
33.468343
33.477983
33.488150
33.497945
33.507929
33.518112
33.527975
33.538135
33.547965
33.557949
33.568151
33.578065
33.588095
33.598402
33.607956
33.617962
33.627953
33.638137
33.647994
33.658069
33.667978
33.678138
33.687991
33.698194
33.708109
33.717981
33.727967
33.737981
33.748190
33.758098
33.767984
33.777986
33.787966
33.798094
33.807957
33.817950
33.827973
33.837961
33.848356
33.857990
33.868054
33.878006
33.887980
33.898008
33.907945
33.918034
33.927972
33.938120
33.947980
33.958007
33.967991
33.977969
33.987988
33.998328
34.008004
34.017999
34.028016
34.038011
34.048014
34.059604
34.068175
34.077987
34.087990
34.097965
34.108324
34.119754
34.128137
34.138910
34.148769
34.158768
34.169221
34.178839
34.188858
34.198860
34.209093
34.218841
34.228886
34.238867
34.248855
34.259034
34.268780
34.279071
34.289998
34.298860
34.308839
34.318810
34.328806
34.338765
34.349213
34.362448
34.369054
34.379080
34.389086
34.399039
34.409065
34.419120
34.429053
34.439030
34.449063
34.459074
34.469047
34.479018
34.489082
34.499015
34.509003
34.519033
34.529060
34.539031
34.549797
34.559123
34.569110
34.589637
34.601056
34.608175
34.617829
34.627893
34.637982
34.647819
34.657607
34.667786
34.677884
34.687705
34.697597
34.707706
34.717820
34.727827
34.737837
34.747652
34.757973
34.767937
34.777812
34.787849
34.797856
34.807975
34.817806
34.827970
34.837838
34.847803
34.857994
34.867851
34.877978
34.887834
34.897984
34.907857
34.917874
34.927855
34.941869
34.948703
34.958511
34.968644
34.978509
34.988632
34.998954
35.008601
35.018715
35.028663
35.038612
35.048638
35.058663
35.068778
35.078611
35.088756
35.098589
35.108591
35.118629
35.128618
35.138730
35.148579
35.158550
35.168729
35.178571
35.188712
35.198574
35.208589
35.218661
35.228789
35.238556
35.248742
35.258629
35.268618
35.278597
35.288621
35.298610
35.308601
35.318766
35.328603
35.338598
35.348590
35.358634
35.368814
35.378622
35.388621
35.398605
35.408604
35.418591
35.428602
35.438848
35.448627
35.458615
35.468581
35.478596
35.488580
35.498614
35.508623
35.518568
35.529247
35.538599
35.548828
35.558619
35.568702
35.578611
35.588592
35.598598
35.608581
35.618583
35.628590
35.638631
35.648573
35.658587
35.668570
35.678542
35.688558
35.698548
35.708571
35.718589
35.728568
35.738562
35.748548
35.758566
35.768584
35.778543
35.788567
35.798542
35.808581
35.818559
35.828555
35.838564
35.848639
35.858589
35.868537
35.878553
35.888750
35.898607
35.908627
35.920651
35.928598
35.938523
35.948610
35.958529
35.968416
35.978509
35.988513
36.004088
36.010748
36.020687
36.031102
36.040632
36.050801
36.060688
36.070801
36.080778
36.090940
36.100794
36.113085
36.123022
36.133013
36.142998
36.153063
36.162990
36.173024
36.182991
36.192974
36.202958
36.212960
36.222971
36.233256
36.243804
36.258649
36.267651
36.277815
36.286911
36.296381
36.307062
36.316780
36.326765
36.336677
36.346760
36.356880
36.366890
36.376905
36.386796
36.396925
36.407184
36.416672
36.427263
36.436814
36.447019
36.457149
36.467541
36.476894
36.489004
36.497258
36.509638
36.517928
36.528302
36.539553
36.547809
36.560259
36.568930
36.579295
36.590260
36.598795
36.610609
36.619409
36.630160
36.640408
36.649504
36.661158
36.670213
36.680866
36.690716
36.700296
36.714156
36.723333
36.733281
36.743549
36.753807
36.763560
36.773425
36.783688
36.793073
36.803247
36.813224
36.823178
36.833096
36.843067
36.853060
36.866763
36.875024
36.885033
36.894993
36.905027
36.915007
36.925126
36.935034
36.945248
36.955001
36.963445
36.973513
36.983452
36.993439
37.003460
37.013415
37.023415
37.033423
37.043436
37.053426
37.063523
37.073512
37.083474
37.093474
37.103460
37.113466
37.123508
37.133456
37.143460
37.153445
37.163456
37.173464
37.183442
37.193461
37.205092
37.215152
37.225008
37.235059
37.244913
37.255073
37.265094
37.275018
37.284916
37.295090
37.305071
37.315015
37.325024
37.335616
37.345085
37.355072
37.365115
37.375039
37.385075
37.395041
37.405027
37.415011
37.424998
37.434984
37.445009
37.455328
37.465243
37.475061
37.485074
37.495048
37.505045
37.515087
37.525497
37.535059
37.545329
37.555071
37.565041
37.575193
37.585115
37.595087
37.605050
37.615136
37.625102
37.635084
37.645049
37.655094
37.666418
37.676540
37.686610
37.696354
37.706338
37.716335
37.726366
37.736413
37.746366
37.756397
37.766372
37.776373
37.786447
37.796461
37.806548
37.816379
37.826567
37.836410
37.846382
37.856400
37.866391
37.876392
37.886350
37.896456
37.906364
37.916345
37.926364
37.936359
37.946347
37.956344
37.966618
37.976418
37.986360
37.996459
38.006360
38.016347
38.026378
38.036352
38.046348
38.056344
38.066709
38.076411
38.086367
38.096633
38.106377
38.116357
38.126348
38.136402
38.146396
38.156377
38.166388
38.176357
38.186399
38.196378
38.206430
38.216424
38.226338
38.236378
38.246375
38.256398
38.266743
38.276338
38.286345
38.296370
38.306599
38.316364
38.326376
38.336360
38.346405
38.356408
38.366684
38.376329
38.386321
38.396385
38.406438
38.416375
38.426379
38.436356
38.446356
38.456341
38.466419
38.476416
38.486516
38.496677
38.506299
38.517846
38.527735
38.537598
38.547725
38.557825
38.567740
38.578030
38.587743
38.597670
38.607681
38.617723
38.627699
38.637753
38.647704
38.657711
38.667715
38.677757
38.687745
38.697714
38.707729
38.717749
38.727744
38.737791
38.747710
38.757715
38.767712
38.777749
38.787702
38.797706
38.807723
38.817806
38.827762
38.837770
38.847769
38.857727
38.867711
38.877716
38.887690
38.897710
38.907717
38.918659
38.928570
38.938496
38.951020
38.960829
38.970799
38.980795
38.990808
39.000844
39.010796
39.020881
39.030819
39.040810
39.050845
39.062839
39.070866
39.080865
39.090816
39.100805
39.110786
39.120823
39.130792
39.140781
39.150797
39.160790
39.170806
39.180777
39.190781
39.200781
39.210795
39.220784
39.230783
39.240800
39.250790
39.260791
39.270821
39.280807
39.290768
39.300784
39.310789
39.320770
39.330794
39.340798
39.350806
39.360779
39.370781
39.380837
39.390827
39.400821
39.410845
39.420781
39.430892
39.440782
39.450787
39.460778
39.470808
39.480776
39.490790
39.500790
39.510780
39.520801
39.530850
39.540792
39.550800
39.560766
39.570781
39.580740
39.590838
39.600827
39.610741
39.620773
39.630786
39.640755
39.650757
39.660794
39.670761
39.680748
39.690795
39.700782
39.713456
39.720870
39.730862
39.740863
39.750818
39.760875
39.770924
39.780770
39.790762
39.800782
39.810775
39.820642
39.830781
39.840776
39.850716
39.860637
39.870739
39.880771
39.890774
39.900621
39.910788
39.920782
39.930799
39.940839
39.950808
39.960811
39.970821
39.980831
39.990817
40.000801
40.010804
40.020818
40.030827
40.040795
40.050821
40.060825
40.070869
40.080818
40.090810
40.100811
40.110822
40.121157
40.130920
40.140923
40.150934
40.160903
40.170939
40.180920
40.190887
40.200907
40.210869
40.220870
40.230840
40.240871
40.250897
40.260877
40.270829
40.280863
40.290857
40.300838
40.310846
40.320821
40.330854
40.340846
40.350892
40.360861
40.370831
40.380855
40.390841
40.400851
40.410861
40.420861
40.430870
40.440856
40.450899
40.460857
40.470910
40.480866
40.490844
40.500872
40.510845
40.520872
40.530890
40.540914
40.550905
40.561015
40.570844
40.580891
40.590850
40.600848
40.610795
40.620809
40.633105
40.643101
40.653062
40.663144
40.673149
40.683118
40.693088
40.703102
40.713106
40.723147
40.733493
40.743678
40.753552
40.763488
40.773508
40.783144
40.793120
40.803146
40.813130
40.823133
40.833088
40.843124
40.853145
40.863099
40.873153
40.883124
40.893136
40.903164
40.916620
40.924967
40.935009
40.946357
40.954931
40.964932
40.974980
40.984950
40.994944
41.004896
41.014875
41.024915
41.034889
41.044903
41.055017
41.064796
41.074820
41.084744
41.094765
41.104859
41.114797
41.124779
41.134893
41.144828
41.154775
41.164797
41.174910
41.184828
41.194974
41.204937
41.214931
41.225349
41.235846
41.245631
41.255149
41.265647
41.274977
41.284912
41.295229
41.304881
41.319622
41.327900
41.337890
41.347883
41.357865
41.367841
41.377968
41.387784
41.397862
41.407762
41.417860
41.427770
41.437772
41.447762
41.457862
41.467779
41.476664
41.486273
41.496247
41.506283
41.516269
41.526384
41.539259
41.546425
41.556452
41.566251
41.576507
41.586371
41.596391
41.606274
41.616421
41.626298
41.636223
41.646240
41.656231
41.666273
41.676272
41.686303
41.696319
41.706294
41.716291
41.726275
41.736229
41.746268
41.756254
41.766277
41.776259
41.786388
41.796313
41.806309
41.816314
41.826258
41.838981
41.846263
41.856627
41.866281
41.876419
41.886356
41.896463
41.906379
41.916305
41.926274
41.936240
41.946228
41.956261
41.968121
41.978279
41.988115
41.998060
42.008055
42.018190
42.028098
42.038073
42.048085
42.058028
42.068030
42.078055
42.088095
42.098110
42.108016
42.118034
42.128025
42.138017
42.148049
42.160972
42.168092
42.178093
42.188099
42.198135
42.208069
42.218072
42.228044
42.238049
42.248054
42.258062
42.268089
42.278060
42.288033
42.298085
42.308058
42.318392
42.328293
42.338205
42.348237
42.358249
42.368203
42.378058
42.388666
42.398308
42.408244
42.418080
42.428222
42.438222
42.448194
42.458426
42.468203
42.478365
42.488267
42.498272
42.508226
42.518202
42.528199
42.538213
42.548194
42.560985
42.568197
42.578415
42.588221
42.598223
42.608305
42.618229
42.628250
42.638255
42.648320
42.658233
42.668610
42.678178
42.688240
42.698375
42.708198
42.718178
42.728155
42.738219
42.748181
42.758175
42.768178
42.778158
42.788182
42.798194
42.808209
42.818196
42.828167
42.838166
42.848142
42.858185
42.868180
42.878150
42.888161
42.899615
42.908275
42.918255
42.928254
42.938265
42.948863
42.970140
42.986948
42.993921
43.003663
43.013612
43.023604
43.033565
43.043584
43.053641
43.063550
43.073951
43.083624
43.093641
43.103655
43.113681
43.123640
43.133604
43.143912
43.153629
43.163637
43.173688
43.183615
43.193631
43.203603
43.213625
43.223630
43.233687
43.243648
43.253625
43.263627
43.273564
43.283590
43.293708
43.303652
43.313643
43.323651
43.333632
43.343646
43.353645
43.363624
43.373605
43.383910
43.393572
43.403572
43.413602
43.423581
43.433564
43.443595
43.453593
43.463580
43.473601
43.483602
43.493832
43.503591
43.513560
43.524164
43.533650
43.543646
43.553625
43.563627
43.573709
43.583972
43.593905
43.603799
43.613830
43.623860
43.633812
43.643750
43.653756
43.663803
43.673763
43.683774
43.693646
43.703798
43.713785
43.723775
43.733714
43.743754
43.753736
43.763943
43.773774
43.783795
43.793769
43.803804
43.813781
43.823763
43.833862
43.843852
43.853811
43.863797
43.873803
43.883809
43.893795
43.903803
43.913801
43.926518
43.933892
43.943867
43.953852
43.963851
43.973805
43.983796
43.993835
44.003817
44.013860
44.023805
44.033817
44.043814
44.053840
44.065872
44.073904
44.083887
44.093871
44.103852
44.113826
44.123902
44.133813
44.143885
44.153828
44.163852
44.173843
44.183830
44.193860
44.203858
44.213858
44.224253
44.234226
44.244259
44.254187
44.264604
44.274491
44.284639
44.294531
44.304739
44.314569
44.324523
44.334657
44.344559
44.354709
44.364547
44.374498
44.384534
44.394533
44.404702
44.414549
44.424592
44.434490
44.444553
44.454513
44.464507
44.474567
44.484544
44.494519
44.504516
44.514542
44.524549
44.534526
44.544572
44.554582
44.564543
44.574527
44.584509
44.594539
44.604508
44.614555
44.624498
44.634479
44.644526
44.654535
44.664541
44.674506
44.684654
44.694495
44.704795
44.714469
44.727465
44.734548
44.744804
44.754610
44.764503
44.774496
44.784539
44.794535
44.804542
44.814536
44.824594
44.834889
44.844529
44.854590
44.864540
44.874553
44.884529
44.894529
44.904501
44.914353
44.924505
44.934528
44.944475
44.955369
44.964494
44.974496
44.984306
44.994525
45.004503
45.014463
45.024351
45.034477
45.044628
45.054478
45.064592
45.074618
45.084497
45.094472
45.104481
45.114490
45.127346
45.134521
45.146240
45.156119
45.166470
45.176199
45.186099
45.196075
45.205944
45.216592
45.227002
45.236571
45.246610
45.256739
45.266074
45.275718
45.286500
45.296096
45.306014
45.316098
45.326082
45.336388
45.346135
45.356003
45.366004
45.376081
45.386115
45.396008
45.406084
45.415985
45.426116
45.436472
45.446460
45.456107
45.466004
45.476114
45.486116
45.496133
45.506136
45.516111
45.526243
45.536126
45.546118
45.556117
45.566118
45.576389
45.586087
45.596091
45.606066
45.616119
45.626102
45.636094
45.646097
45.656091
45.666081
45.676230
45.686102
45.696195
45.706077
45.716711
45.727200
45.736708
45.746484
45.756874
45.766098
45.775847
45.786383
45.796118
45.806104
45.816119
45.826078
45.836077
45.845998
45.856107
45.866111
45.876085
45.886113
45.896071
45.906066
45.916091
45.927094
45.936337
45.946201
45.956118
45.966124
45.980773
45.987814
45.997441
46.007420
46.017432
46.027418
46.037452
46.047453
46.057437
46.067429
46.077407
46.087463
46.097483
46.107410
46.117429
46.132703
46.139675
46.149481
46.159448
46.169378
46.179373
46.189431
46.199393
46.209322
46.219322
46.229874
46.239336
46.249547
46.259279
46.269332
46.279367
46.289354
46.299163
46.309314
46.319305
46.330290
46.339376
46.353398
46.360071
46.370123
46.380061
46.390100
46.400017
46.410038
46.420043
46.430019
46.440039
46.450014
46.460019
46.470048
46.480025
46.490031
46.500029
46.510011
46.520020
46.530012
46.539990
46.550021
46.559999
46.570006
46.580016
46.590155
46.600077
46.610018
46.620048
46.630015
46.640006
46.650026
46.660050
46.670064
46.680034
46.690026
46.700056
46.709988
46.720018
46.730020
46.740022
46.750014
46.760036
46.770014
46.780003
46.790001
46.800052
46.810014
46.820015
46.829991
46.839992
46.854497
46.861543
46.871196
46.885356
46.892081
46.902070
46.919953
46.926595
46.936645
46.951791
46.965718
46.978785
46.986022
46.995505
47.011732
47.018356
47.028566
47.042286
47.052242
47.062198
47.072242
47.085120
47.101199
47.108024
47.117850
47.133916
47.140636
47.150603
47.166978
47.173632
47.183690
47.193908
47.203644
47.213704
47.223651
47.233636
47.243597
47.253639
47.263672
47.281236
47.295328
47.305253
47.315260
47.325292
47.335302
47.345260
47.355320
47.365318
47.375291
47.385290
47.395262
47.405295
47.415281
47.434735
47.446787
47.453446
47.469549
47.476345
47.486303
47.502628
47.509287
47.519350
47.535437
47.542075
47.551885
47.562939
47.573181
47.583017
47.593005
47.608221
47.624953
47.631569
47.641620
47.660044
47.666732
47.676758
47.686727
47.696735
47.706686
47.716676
47.726727
47.736679
47.746668
47.756664
47.766787
47.776719
47.790496
47.806899
47.813539
47.823551
47.833492
47.843564
47.853554
47.863550
47.873594
47.893221
47.905915
47.912598
47.923099
47.932634
47.942541
47.952542
47.962486
47.972563
47.982571
47.992569
48.002566
48.012598
48.022645
48.032665
48.042556
48.052570
48.062539
48.073560
48.088515
48.102444
48.109175
48.119076
48.129118
48.139091
48.149113
48.159145
48.169204
48.179151
48.189115
48.199133
48.209087
48.219097
48.229122
48.244290
48.257395
48.264220
48.274262
48.284187
48.299103
48.305813
48.315884
48.329535
48.336264
48.346260
48.356189
48.366218
48.376361
48.386207
48.396215
48.406208
48.422734
48.429442
48.439737
48.452905
48.459635
48.469664
48.486432
48.496500
48.514891
48.521549
48.531568
48.546359
48.556280
48.567405
48.576248
48.587191
48.596194
48.607924
48.616239
48.626206
48.637486
48.646308
48.656249
48.666208
48.676233
48.686329
48.697509
48.707382
48.716269
48.726745
48.736285
48.746308
48.756281
48.766319
48.776331
48.786236
48.796111
48.806229
48.816473
48.826230
48.836220
48.846368
48.856209
48.866240
48.876271
48.886223
48.896248
48.906065
48.916276
48.926199
48.936220
48.947259
48.958564
48.967045
48.976312
48.986309
48.997710
49.006352
49.016281
49.026284
49.036254
49.046243
49.056289
49.068305
49.076312
49.086276
49.096247
49.107789
49.116242
49.126259
49.136253
49.146307
49.157652
49.167364
49.177390
49.187390
49.197532
49.207419
49.217593
49.227458
49.237436
49.247455
49.257780
49.267444
49.277527
49.287415
49.297396
49.307506
49.317410
49.327390
49.337526
49.347449
49.357452
49.367440
49.377488
49.387442
49.397566
49.407364
49.417435
49.427431
49.437441
49.447395
49.457427
49.467594
49.477381
49.487707
49.497403
49.507417
49.517552
49.527484
49.537423
49.547419
49.557439
49.567437
49.577866
49.587642
49.597400
49.607709
49.617526
49.627563
49.637472
49.647504
49.659614
49.669604
49.679836
49.689489
49.699609
49.709733
49.719609
49.730186
49.739958
49.749985
49.759699
49.769611
49.779215
49.789605
49.799701
49.809591
49.819682
49.829606
49.839603
49.849612
49.859718
49.869690
49.879481
49.889679
49.899839
49.909590
49.919562
49.929826
49.939833
49.949823
49.960050
49.969815
49.980107
49.990091
49.999816
50.009824
50.019835
50.029919
50.039823
50.049819
50.059922
50.069468
50.079546
50.089484
50.099479
50.109549
50.119558
50.129727
50.139598
50.149484
50.159701
50.169796
50.179554
50.189479
50.199845
50.209562
50.219959
50.229968
50.240327
50.249814
50.259849
50.269921
50.279850
50.289484
50.299828
50.309847
50.319826
50.329852
50.340221
50.349926
50.359849
50.369937
50.379945
50.389807
50.399948
50.409968
50.419930
50.429923
50.439850
50.449953
50.459968
50.470159
50.479836
50.489960
50.499099
50.507548
50.517561
50.527564
50.537728
50.547562
50.557594
50.567718
50.577973
50.587514
50.597620
50.607590
50.617715
50.627610
50.637574
50.647570
50.657737
50.667589
50.677596
50.687568
50.697591
50.707589
50.717602
50.727619
50.737644
50.747604
50.757695
50.767721
50.777543
50.787532
50.797599
50.807568
50.817574
50.827547
50.837695
50.847582
50.857548
50.867566
50.877602
50.887608
50.897681
50.907595
50.917569
50.927596
50.937589
50.947658
50.957788
50.971844
50.978554
50.988530
50.998524
51.008478
51.018454
51.028467
51.038465
51.048502
51.058477
51.068460
51.078461
51.088702
51.098634
51.108510
51.118484
51.128636
51.138534
51.148536
51.158508
51.168515
51.178508
51.188527
51.198570
51.208589
51.218700
51.228505
51.238471
51.248530
51.258514
51.268528
51.278541
51.288507
51.298531
51.308883
51.318524
51.328699
51.338540
51.348555
51.358658
51.368364
51.378489
51.388497
51.398504
51.408469
51.418461
51.428621
51.438491
51.448461
51.458431
51.468430
51.478303
51.488509
51.498921
51.508511
51.530845
51.542264
51.555882
51.572650
51.586423
51.599541
51.614404
51.623349
51.631228
51.641165
51.652496
51.661216
51.671157
51.682459
51.691195
51.701209
51.712378
51.721215
51.731135
51.741103
51.751203
51.761160
51.772349
51.781176
51.791157
51.801197
51.811642
51.821674
51.832763
51.841622
51.851606
51.861607
51.872805
51.881635
51.891663
51.902381
51.912282
51.922397
51.932365
51.942320
51.952321
51.963552
51.972368
51.982347
51.993564
52.002352
52.012361
52.023604
52.032364
52.042348
52.053491
52.062325
52.072365
52.082323
52.092376
52.102406
52.112368
52.122412
52.132413
52.143552
52.152334
52.162326
52.173541
52.182391
52.192372
52.203583
52.212391
52.222342
52.233623
52.242387
52.252379
52.263556
52.272357
52.282372
52.293530
52.302408
52.312404
52.322416
52.332433
52.342327
52.352350
52.363491
52.372408
52.382390
52.393598
52.402395
52.412384
52.423563
52.432444
52.442402
52.453603
52.462402
52.472388
52.483513
52.492425
52.502359
52.513607
52.522496
52.532408
52.543500
52.552402
52.562397
52.573619
52.582434
52.592431
52.603506
52.612431
52.622403
52.632441
52.642401
52.652327
52.662355
52.672363
52.682212
52.692357
52.703674
52.712338
52.722188
52.733041
52.743000
52.752817
52.764200
52.773023
52.783143
52.794154
52.803061
52.812972
52.824189
52.832992
52.843074
52.854106
52.862938
52.872941
52.884180
52.892991
52.902986
52.914134
52.922953
52.932952
52.944231
52.952955
52.962988
52.974898
52.983021
52.992995
53.004162
53.013008
53.022981
53.034097
53.043040
53.053022
53.064178
53.073045
53.083001
53.092953
53.102943
53.113908
53.125114
53.133895
53.143882
53.153918
53.164138
53.174083
53.184101
53.195299
53.204136
53.214076
53.224106
53.234098
53.244097
53.254156
53.264114
53.274115
53.285243
53.295191
53.305261
53.316421
53.325523
53.335188
53.345168
53.355209
53.365231
53.375176
53.385113
53.395181
53.405181
53.415166
53.425254
53.435264
53.446297
53.455243
53.465247
53.475237
53.485567
53.495186
53.505164
53.515150
53.525373
53.535286
53.545235
53.555209
53.565363
53.575315
53.585216
53.595202
53.605186
53.615198
53.625176
53.635176
53.645174
53.655238
53.665266
53.675200
53.685220
54.587016
54.612036
54.631469
54.650078
54.664635
54.681803
54.695694
54.711903
54.724368
54.738819
54.752907
54.764708
54.778411
54.790462
54.801128
54.811831
54.821607
54.831649
54.841663
54.851776
54.860947
54.870797
54.880779
54.891005
54.900903
54.910821
54.920841
54.930854
54.941026
54.950831
54.961039
54.971244
54.984084
54.993178
55.003087
55.013058
55.023050
55.033038
55.043029
55.053063
55.063028
55.073114
55.083052
55.093111
55.103146
55.113036
55.123104
55.133084
55.143053
55.153043
55.163064
55.173072
55.183103
55.193085
55.203229
55.213443
55.223734
55.233551
55.243499
55.253528
55.263106
55.273121
55.283084
55.293113
55.303190
55.313082
55.323120
55.333104
55.343112
55.353254
55.363131
55.373043
55.383012
55.393304
55.403210
55.413188
55.423212
55.433401
55.441995
55.450790
55.461023
55.470819
55.480855
55.490841
55.500803
55.510847
55.520760
55.530772
55.540750
55.550813
55.560784
55.570780
55.581202
55.590719
55.600781
55.610798
55.620745
55.630739
55.640751
55.650800
55.660742
55.670737
55.680725
55.690749
55.700726
55.710776
55.720692
55.730737
55.740736
55.750714
55.760702
55.770545
55.780702
55.790700
55.805700
55.821672
55.828370
55.838157
55.848327
55.858346
55.868275
55.878262
55.888250
55.898268
55.908242
55.918258
55.928242
55.938261
55.948294
55.958267
55.968288
55.978266
55.988279
55.998261
56.008270
56.018348
56.028279
56.038310
56.048300
56.058272
56.068290
56.078318
56.088282
56.098279
56.108313
56.118325
56.128280
56.138274
56.148288
56.158295
56.168273
56.178292
56.188267
56.198282
56.208272
56.218255
56.228312
56.238256
56.248312
56.258308
56.268268
56.278276
56.288279
56.298280
56.308279
56.318284
56.328341
56.338292
56.348315
56.358284
56.368280
56.378278
56.388286
56.398298
56.408281
56.418266
56.428282
56.438301
56.448312
56.458275
56.468292
56.478300
56.488282
56.498275
56.508275
56.518282
56.528314
56.538295
56.548291
56.558308
56.568303
56.578553
56.588517
56.598323
56.608304
56.618311
56.628320
56.638324
56.648276
56.658281
56.668268
56.678295
56.688275
56.698298
56.708302
56.718288
56.728301
56.738323
56.748299
56.758298
56.768292
56.778314
56.788341
56.798324
56.808292
56.818282
56.828307
56.838336
56.848310
56.858278
56.868315
56.879038
56.888349
56.898327
56.908304
56.918327
56.928479
56.938393
56.948439
56.958345
56.968307
56.979242
56.988368
56.998417
57.008296
57.018314
57.028300
57.038285
57.048361
57.058167
57.068464
57.078353
57.088304
57.098335
57.108346
57.118321
57.128433
57.138430
57.148314
57.158482
57.168353
57.178332
57.188332
57.198361
57.208506
57.218345
57.228429
57.238342
57.248470
57.258492
57.268385
57.278350
57.288343
57.298343
57.308479
57.318506
57.328360
57.338448
57.348523
57.358322
57.368339
57.378370
57.388336
57.398477
57.408358
57.418372
57.428394
57.438398
57.448360
57.458373
57.468395
57.478395
57.488368
57.498351
57.508379
57.518384
57.528371
57.538366
57.548353
57.558406
57.568368
57.578452
57.588382
57.598332
57.608346
57.618352
57.628343
57.638336
57.648327
57.658476
57.668402
57.678371
57.688335
57.698349
57.708366
57.718357
57.728340
57.738327
57.748352
57.758417
57.768574
57.778421
57.788382
57.798380
57.808348
57.818370
57.828397
57.838402
57.848436
57.858349
57.868374
57.878335
57.888371
57.898367
57.908332
57.918339
57.928350
57.938440
57.948425
57.962971
57.969633
57.979637
57.989621
57.999634
58.009653
58.019606
58.029615
58.039615
58.049590
58.059624
58.069684
58.079630
58.089614
58.099596
58.109617
58.119636
58.129625
58.139582
58.149607
58.159593
58.169675
58.179572
58.189598
58.199629
58.209597
58.219611
58.229625
58.239612
58.249629
58.259661
58.269696
58.279602
58.289593
58.299562
58.309414
58.319581
58.329551
58.339542
58.349423
58.359582
58.369561
58.379544
58.389573
58.399560
58.409714
58.419597
58.429600
58.439592
58.449581
58.459603
58.469631
58.479658
58.489655
58.499622
58.509620
58.519590
58.529597
58.539596
58.549563
58.559580
58.569609
58.579926
58.589673
58.599667
58.609612
58.619599
58.629902
58.639608
58.649822
58.659619
58.669845
58.679691
58.689598
58.699902
58.709624
58.719612
58.732532
58.742448
58.752488
58.762448
58.772515
58.782551
58.792437
58.802432
58.812466
58.822478
58.832453
58.852897
58.865562
58.872206
58.882215
58.892205
58.902243
58.912385
58.922215
58.932201
58.942196
58.952455
58.962506
58.972372
58.986492
58.993136
59.003337
59.013186
59.023162
59.033167
59.043220
59.053204
59.063159
59.073172
59.083128
59.093193
59.103125
59.114986
59.124907
59.134866
59.144840
59.154839
59.164856
59.174903
59.184881
59.194919
59.204890
59.214902
59.225268
59.235761
59.245551
59.255162
59.265778
59.274958
59.284931
59.295516
59.304997
59.315008
59.324971
59.334981
59.344993
59.354984
59.365035
59.374977
59.385372
59.395280
59.405034
59.414983
59.424923
59.434958
59.444930
59.454934
59.464917
59.474913
59.484952
59.494964
59.504971
59.514952
59.525262
59.535030
59.544970
59.557644
59.565787
59.575922
59.590234
59.598370
59.608270
59.618500
59.628492
59.638399
59.648383
59.671790
59.680584
59.690697
59.700625
59.710912
59.720791
59.731201
59.741240
59.751281
59.761144
59.771542
59.780751
59.790742
59.800743
59.810885
59.820757
59.830800
59.840820
59.850777
59.860934
59.870810
59.880809
59.890952
59.900902
59.910865
59.920831
59.930866
59.940868
59.950873
59.958499
59.968532
59.978479
59.988460
59.998469
60.008454
60.018523
60.028487
60.038503
60.048511
60.058484
60.068483
60.078482
60.088488
60.098462
60.108470
60.118513
60.128477
60.138480
60.148461
60.158482
60.168464
60.178468
60.188485
60.198460
60.208465
60.218518
60.228502
60.238466
60.248478
60.258497
60.268488
60.278503
60.288462
60.298507
60.308480
60.318505
60.328491
60.338481
60.348490
60.358490
60.368495
60.378483
60.388460
60.398487
60.408463
60.418471
60.428481
60.438511
60.448461
60.458451
60.468486
60.478471
60.488521
60.498552
60.508540
60.518506
60.528471
60.538515
60.548449
60.558470
60.568463
60.578467
60.588490
60.598490
60.608510
60.618467
60.628495
60.638487
60.648964
60.658950
60.668948
60.678970
60.689121
60.698947
60.708948
60.718917
60.729004
60.738980
60.749014
60.759023
60.768961
60.778957
60.788978
60.798966
60.808960
60.818960
60.829010
60.838947
60.848937
60.858921
60.868907
60.878900
60.888997
60.898980
60.908955
60.918845
60.928976
60.938954
60.948933
60.958805
60.968947
60.978946
60.989930
60.999021
61.009025
61.019000
61.029010
61.039046
61.048999
61.059334
61.069046
61.079008
61.089321
61.099063
61.109072
61.119280
61.129055
61.139093
61.149030
61.158978
61.168961
61.178989
61.189232
61.198983
61.208994
61.218960
61.229550
61.239062
61.249017
61.259000
61.268986
61.279292
61.289041
61.299078
61.309047
61.319066
61.329300
61.338972
61.349033
61.358996
61.369019
61.379278
61.389034
61.399014
61.409008
61.431077
61.442394
61.449183
61.459154
61.469097
61.479148
61.489055
61.499011
61.508991
61.519023
61.529081
61.539038
61.549043
61.559053
61.569044
61.579224
61.589024
61.599033
61.609044
61.619037
61.629146
61.639044
61.649040
61.659048
61.669053
61.679068
61.689041
61.699047
61.709066
61.719031
61.729121
61.739037
61.749039
61.759047
61.769062
61.779073
61.789077
61.799046
61.809062
61.819030
61.829038
61.839046
61.849043
61.859105
61.869027
61.879094
61.889014
61.899042
61.909064
61.919052
61.929063
61.939052
61.949033
61.959101
61.969033
61.979059
61.989028
61.999037
62.009026
62.019039
62.029037
62.039022
62.049052
62.059100
62.069035
62.079055
62.089062
62.099055
62.109035
62.119075
62.129019
62.139093
62.149037
62.159050
62.169031
62.178897
62.189032
62.199002
62.209009
62.218866
62.229017
62.238981
62.248952
62.261707
62.269213
62.279302
62.289144
62.299127
62.309386
62.319040
62.329085
62.339067
62.349055
62.359092
62.369135
62.379054
62.389041
62.399061
62.409042
62.419032
62.429038
62.439027
62.449031
62.459048
62.469077
62.479092
62.489116
62.499085
62.509073
62.519064
62.529083
62.539044
62.549077
62.559040
62.569048
62.579267
62.589445
62.599040
62.609128
62.619014
62.629018
62.639026
62.649019
62.661860
62.669099
62.679074
62.689100
62.699078
62.709066
62.719094
62.729038
62.739080
62.749035
62.759066
62.769038
62.779069
62.789060
62.799055
62.809043
62.819023
62.829049
62.839041
62.849608
62.859364
62.869083
62.879108
62.889039
62.899135
62.909067
62.919215
62.929113
62.939334
62.949081
62.959072
62.969429
62.979088
62.993098
62.999732
63.009827
63.019787
63.029781
63.039757
63.049768
63.059749
63.069779
63.079759
63.090177
63.099788
63.110170
63.119786
63.130160
63.139795
63.149759
63.159796
63.169754
63.180152
63.189748
63.203626
63.210325
63.220279
63.231874
63.241808
63.252116
63.261808
63.272038
63.281875
63.291913
63.301819
63.311810
63.321968
63.331840
63.341815
63.351869
63.361824
63.371862
63.381958
63.392028
63.401806
63.411799
63.421947
63.431770
63.447097
63.453640
63.466603
63.473751
63.483874
63.493648
63.503699
63.513722
63.523682
63.537069
63.547009
63.557027
63.567016
63.577319
63.586984
63.597030
63.606997
63.618848
63.629589
63.638761
63.649020
63.658733
63.669023
63.678753
63.688730
63.699123
63.708776
63.718875
63.729026
63.739628
63.749148
63.759020
63.769588
63.778739
63.788750
63.798873
63.810395
63.819241
63.829007
63.842495
63.851551
63.864174
63.873164
63.883352
63.893149
63.903416
63.913250
63.923125
63.933255
63.943133
63.953293
63.963162
63.973106
63.983188
63.993141
64.003542
64.013217
64.023325
64.033172
64.043384
64.053225
64.063170
64.073378
64.083216
64.093242
64.103189
64.113256
64.123297
64.133192
64.143181
64.153173
64.163202
64.173220
64.183198
64.193197
64.203188
64.213418
64.223187
64.233216
64.243449
64.253773
64.263511
64.273697
64.283401
64.293134
64.303219
64.313237
64.323192
64.333204
64.343185
64.353188
64.363195
64.373241
64.383153
64.393181
64.403188
64.413209
64.423188
64.433181
64.443191
64.453181
64.463108
64.470890
64.480876
64.490864
64.501018
64.510860
64.520892
64.530903
64.540860
64.550809
64.562808
64.570810
64.580840
64.590749
64.600751
64.610737
64.620824
64.630805
64.640758
64.650801
64.660750
64.671124
64.680787
64.690779
64.701035
64.711289
64.720875
64.730656
64.740822
64.751054
64.760830
64.770798
64.780785
64.793105
64.800961
64.810805
64.821103
64.830847
64.840711
64.850813
64.860832
64.870797
64.880779
64.890858
64.900843
64.910938
64.920823
64.931181
64.940863
64.950824
64.960851
64.970845
64.980878
64.991088
65.000864
65.010886
65.020875
65.030904
65.040843
65.050847
65.060852
65.071102
65.081059
65.090834
65.100888
65.110867
65.121074
65.130907
65.140931
65.150828
65.160798
65.170811
65.181174
65.190817
65.200828
65.210822
65.220859
65.230820
65.240981
65.250932
65.260893
65.270877
65.280930
65.290868
65.300816
65.311061
65.320869
65.330857
65.340837
65.350851
65.360803
65.370856
65.380859
65.390850
65.400847
65.410887
65.420855
65.431076
65.440859
65.450887
65.460894
65.470827
65.480858
65.491364
65.500814
65.510799
65.521112
65.530848
65.540859
65.550849
65.560858
65.570852
65.580861
65.591123
65.600897
65.610845
65.620826
65.631134
65.640861
65.650891
65.660858
65.670878
65.680876
65.691045
65.701046
65.710841
65.720837
65.731729
65.740901
65.750874
65.760843
65.770866
65.780974
65.790896
65.800896
65.810922
65.820884
65.830882
65.840854
65.850928
65.860857
65.871087
65.880849
65.890821
65.900820
65.910822
65.920812
65.930815
65.940874
65.950932
65.960831
65.970802
65.980830
65.990846
66.000811
66.010840
66.020818
66.031058
66.041034
66.050833
66.060671
66.070857
66.080800
66.100243
66.123362
66.131617
66.155346
66.167364
66.174163
66.184117
66.194031
66.204065
66.214058
66.224030
66.234108
66.244046
66.254060
66.264033
66.274063
66.284044
66.294049
66.304040
66.314009
66.324026
66.334089
66.344067
66.354032
66.364061
66.374059
66.384024
66.394039
66.404079
66.414057
66.424024
66.434032
66.444070
66.454056
66.464057
66.474064
66.484118
66.494047
66.504030
66.514038
66.524026
66.534013
66.544025
66.554061
66.564020
66.574018
66.584215
66.594046
66.604034
66.614027
66.624180
66.634165
66.644030
66.654076
66.664054
66.673994
66.684178
66.694042
66.704196
66.714055
66.724024
66.734015
66.744011
66.754025
66.764031
66.774201
66.784051
66.794031
66.804001
66.813989
66.824151
66.833995
66.844141
66.854034
66.864041
66.874075
66.884031
66.894023
66.904016
66.914021
66.924030
66.934006
66.944017
66.954019
66.964067
66.974054
66.983987
66.994002
67.007040
67.016863
67.026865
67.036876
67.046839
67.057203
67.066967
67.076965
67.086872
67.096846
67.106826
67.116833
67.126868
67.136856
67.146877
67.156988
67.166895
67.176837
67.186890
67.196858
67.206871
67.216883
67.226893
67.236899
67.246869
67.256867
67.266873
67.276999
67.286880
67.296787
67.306796
67.316784
67.326979
67.336675
67.346794
67.356757
67.366790
67.376673
67.386863
67.396812
67.406828
67.416849
67.426847
67.436834
67.446851
67.456833
67.466846
67.476833
67.486874
67.496812
67.506828
67.516824
67.526814
67.537218
67.546874
67.556861
67.566856
67.576918
67.586913
67.596878
67.606846
67.616835
67.626841
67.636844
67.646836
67.656856
67.666851
67.677157
67.686898
67.696911
67.706883
67.716868
67.726841
67.736876
67.746856
67.756876
67.766899
67.776875
67.786937
67.806826
67.814213
67.832692
67.840570
67.849322
67.859422
67.869330
67.879301
67.889304
67.899365
67.909556
67.919291
67.929293
67.939305
67.949316
67.959567
67.969267
67.979287
67.990502
67.999325
68.009355
68.019354
68.029341
68.039331
68.049334
68.059892
68.069398
68.079735
68.089356
68.099397
68.109331
68.119400
68.129395
68.141646
68.151628
68.161830
68.171638
68.181620
68.191558
68.201910
68.211751
68.221994
68.232154
68.242110
68.251865
68.262098
68.271810
68.281627
68.293853
68.302862
68.312848
68.322770
68.345980
68.362827
68.382707
68.396644
68.404133
68.413716
68.423592
68.433590
68.443592
68.453570
68.463606
68.473590
68.483605
68.493608
68.503608
68.513644
68.523610
68.533566
68.543598
68.553609
68.563519
68.573408
68.583453
68.594334
68.604819
68.614905
68.624811
68.635622
68.644873
68.655002
68.664880
68.674881
68.684873
68.694944
68.705246
68.715055
68.724986
68.735487
68.745044
68.755874
68.765725
68.775876
68.785002
68.794990
68.805214
68.815248
68.825226
68.835086
68.844896
68.854912
68.864867
68.874959
68.884916
68.894931
68.904973
68.914867
68.924968
68.934886
68.944923
68.954896
68.964889
68.974940
68.984677
68.993293
69.004037
69.013396
69.023456
69.033387
69.043393
69.053359
69.063328
69.073631
69.096321
69.109982
69.120199
69.126880
69.136828
69.146845
69.156882
69.166873
69.177137
69.196230
69.203783
69.220752
69.228156
69.237367
69.247445
69.257399
69.267431
69.277420
69.287408
69.297387
69.314507
69.335271
69.349452
69.364507
69.377960
69.384621
69.394646
69.404617
69.414615
69.424588
69.434680
69.444593
69.454641
69.464593
69.474635
69.484651
69.494611
69.504613
69.514623
69.524622
69.534672
69.544638
69.555776
69.564686
69.574749
69.584668
69.594630
69.604626
69.614654
69.624634
69.634629
69.644659
69.654641
69.664628
69.674795
69.684667
69.694625
69.704618
69.714629
69.724608
69.734613
69.744602
69.754683
69.764761
69.774644
69.784656
69.794614
69.804626
69.814621
69.824648
69.834617
69.844673
69.854620
69.864479
69.874591
69.884901
69.894618
69.904582
69.914571
69.924598
69.934443
69.944652
69.954564
69.964623
69.974461
69.984953
69.994727
70.004878
70.014635
70.024606
70.034846
70.044724
70.054644
70.064676
70.074693
70.084915
70.094632
70.104583
70.114579
70.134185
70.152209
70.166409
70.174227
70.183114
70.193069
70.203031
70.213010
70.223268
70.233070
70.243081
70.253153
70.263084
70.273109
70.283069
70.293104
70.303083
70.313091
70.323076
70.333095
70.343105
70.353139
70.363100
70.373140
70.383076
70.393084
70.403073
70.413096
70.423083
70.433041
70.443049
70.453099
70.463076
70.501233
70.517033
70.524039
70.533568
70.543572
70.553564
70.563662
70.573625
70.583603
70.593629
70.603863
70.613720
70.623653
70.633759
70.643695
70.654468
70.663774
70.673645
70.683658
70.693624
70.703702
70.713665
70.723639
70.733672
70.743672
70.753678
70.763733
70.773659
70.783665
70.793641
70.803657
70.813646
70.823647
70.833648
70.843646
70.853665
70.863702
70.873710
70.883655
70.893632
70.903642
70.913638
70.926045
70.934857
70.943766
70.953702
70.963697
70.973711
70.983673
70.993794
71.003798
71.015101
71.024853
71.034857
71.044856
71.054839
71.064842
71.074912
71.084922
71.094900
71.104901
71.114879
71.124852
71.134949
71.144872
71.154745
71.164886
71.174916
71.184848
71.194819
71.204835
71.214840
71.224838
71.234863
71.244829
71.254837
71.264709
71.274735
71.284761
71.294894
71.304871
71.314861
71.327519
71.334837
71.344793
71.354851
71.364867
71.374845
71.384832
71.394838
71.404857
71.414880
71.424835
71.434795
71.444810
71.454811
71.464795
71.474833
71.484829
71.494855
71.504848
71.514849
71.524852
71.534822
71.544822
71.554806
71.564838
71.574904
71.584913
71.594864
71.604832
71.614847
71.624838
71.634845
71.644871
71.654816
71.664842
71.674855
71.684930
71.694882
71.704835
71.714824
71.724827
71.734844
71.744825
71.754847
71.764825
71.774827
71.784835
71.794851
71.804838
71.814834
71.824850
71.834831
71.844820
71.854832
71.864824
71.874857
71.884860
71.894871
71.904829
71.914818
71.924827
71.934849
71.944840
71.954835
71.964869
71.974831
71.984831
71.994858
72.004831
72.014842
72.024839
72.034853
72.044850
72.054837
72.064850
72.074897
72.084862
72.094917
72.104855
72.114861
72.127487
72.134900
72.145023
72.154891
72.164872
72.174866
72.184849
72.194861
72.204873
72.214885
72.224882
72.234939
72.244882
72.254885
72.264826
72.274813
72.284804
72.294808
72.304834
72.314852
72.324823
72.334839
72.344829
72.354825
72.364829
72.374835
72.384850
72.394831
72.404910
72.414826
72.424869
72.434973
72.444803
72.454773
72.464642
72.474805
72.484811
72.494807
72.504850
72.514787
72.527666
72.534796
72.544886
72.554870
72.564976
72.574923
72.584860
72.594863
72.604856
72.614913
72.624824
72.634872
72.644836
72.656447
72.666472
72.676469
72.686428
72.696432
72.706650
72.716436
72.726345
72.737040
72.747470
72.757073
72.767084
72.777038
72.786476
72.796090
72.806930
72.816559
72.826542
72.836460
72.846569
72.856533
72.866460
72.876546
72.886453
72.896478
72.906468
72.916602
72.926454
72.936456
72.946458
72.956443
72.966454
72.976448
72.986474
72.996468
73.006450
73.017172
73.026463
73.036541
73.046537
73.056558
73.066543
73.076571
73.086440
73.096539
73.106453
73.116547
73.126452
73.136438
73.146436
73.156445
73.166462
73.176459
73.186476
73.196437
73.207036
73.217439
73.227216
73.236842
73.247280
73.256448
73.266164
73.276906
73.286453
73.296439
73.306553
73.316455
73.330629
73.339435
73.349321
73.359301
73.369277
73.379338
73.389805
73.399300
73.409188
73.419215
73.429304
73.439300
73.449188
73.459185
73.469278
73.479306
73.489167
73.497629
73.507291
73.517293
73.527336
73.537323
73.547325
73.557277
73.567286
73.577394
73.587327
73.597315
73.607326
73.617326
73.627287
73.637327
73.647319
73.657311
73.667314
73.677288
73.687307
73.697290
73.707300
73.717286
73.730025
73.737463
73.747360
73.757321
73.767369
73.777359
73.787346
73.797211
73.807409
73.817336
73.827347
73.837721
73.847360
73.857459
